75.21579 78.90206 77.20416 85.3707 81.48786
77.04981 77.26655 74.23284 88.0248 84.69557
85.55808 79.60887 80.35953 72.69978 74.95423
72.31103 79.03882 92.30494 87.68165 85.2976
83.00171 85.74324 86.305 88.11543 79.39632
79.56051 85.11137 80.95306 82.31403 80.06169
82.84337 83.67079 79.37063 77.95714 79.5353
77.76103 71.79027 74.52345 85.79851 78.74206
74.32822 77.82315 74.93684 76.42554 80.34363
81.46989 71.94814 65.65865 74.57976 69.73192
61.08186 64.94979 72.37107 69.78917 76.41766
75.84285 75.54184 74.33249 76.6101 79.46413
80.84303 81.79086 74.14018 73.21387 78.18478
84.61824 81.73661 79.22859 81.12938 79.88649
80.55693 79.19293 77.81232 85.82765 80.73705
85.05625 93.60136 88.09835 92.12896 77.28556
85.39632 81.36482 82.00252 88.79464 85.59822
78.48985 79.49852 86.19938 81.11205 79.41664
80.75121 88.89884 83.33721 80.01835 81.53342
81.07483 82.18588 79.40216 78.2807 80.15502
79.06505 83.46164 79.76261 81.362 75.22088
84.47366 82.37384 85.80788 79.15632 79.34668
85.79537 81.56141 83.34603 83.76968 81.95828
82.70714 77.84943 84.36364 86.88316 82.76
83.40333 75.43065 80.0812 86.28792 82.76113
83.93158 79.70745 79.44779 81.48541 79.60307
89.6538 88.34934 88.05007 86.93193 82.12858
82.75245 82.90042 80.38957 78.10863 78.19438
87.83851 78.6988 84.14301 78.02062 82.48918
82.79211 80.96935 90.90146 85.84132 79.11988
80.12963 81.17209 77.57944 83.67885 90.37231
86.50984 85.61903 84.9049 87.04098 81.88797
79.80118 78.97981 83.68697 87.02415 77.9553
74.94039 82.81445 85.74123 84.87071 80.40824
86.76905 85.2404 79.6878 88.29425 88.25233
79.85069 75.57207 72.4924 79.93002 81.39142
78.23686 76.82801 80.51934 72.49869 85.23815
84.46658 91.92565 82.60201 83.01943 80.94559
87.4461 83.67298 86.56745 71.16045 69.3902
82.86314 81.02781 70.64262 89.97633 85.0679
81.94725 82.1654 92.21989 87.40605 80.2682
84.17187 78.2039 86.97414 85.56562 80.11309
79.59837 83.29108 77.20202 80.34305 79.97387
79.02933 82.61243 72.24306 74.95638 76.76305
80.88222 76.52601 79.13478 78.368 75.43656
86.15703 85.88075 84.14704 79.83735 72.94771
80.39525 81.56145 83.53428 74.17553 77.25424
84.27403 81.92769 77.18677 76.39534 82.67526
82.68583 81.50966 78.62883 85.29942 81.2126
76.78987 78.07021 76.19688 78.41628 79.73758
72.86399 75.16893 66.10192 61.12353 58.9559
57.13493 55.25808 64.24734 74.58954 72.69728
78.05468 78.32314 76.26297 78.19988 75.13833
74.52657 71.858 76.23781 77.70901 75.30622
76.2024 67.12247 78.49378 78.52584 74.01888
75.75462 86.162 73.21929 78.87387 77.30857
69.53375 74.27623 82.9212 83.56415 81.02549
85.70766 81.72022 82.94066 83.69496 81.57919
83.80784 80.38642 77.77728 72.79548 75.15509
68.45562 73.03293 74.06111 72.26996 73.71059
70.22288 75.025 74.18246 72.21083 69.7092
65.05855 58.07907 57.45359 72.0423 87.98662
93.5428 84.36004 81.35568 80.36859 77.96531
81.10546 78.63106 79.10017 79.90639 76.86647
88.35191 78.41931 72.21879 70.35011 73.30595
83.07658 79.61079 87.85927 76.4871 78.32082
69.4671 78.91197 79.0835 78.1594 83.50051
80.30787 64.45132 69.0992 73.70919 70.42593
73.46904 75.65152 75.24494 78.72389 71.08397
70.55982 68.87641 76.55439 85.30111 80.17611
77.93668 78.01206 79.10917 80.56131 78.39549
74.33108 77.82784 79.73563 73.80999 79.17885
77.30966 78.19646 82.12264 78.24373 76.55715
71.27146 70.64182 72.61919 68.71534 65.62535
69.6761 69.25218 74.39145 74.88954 72.75168
73.76815 77.20101 80.83757 70.61116 68.75563
70.32811 72.76603 68.58324 70.94808 79.00385
76.46284 72.85292 59.42082 66.66952 80.12673
67.9125 55.38463 45.91552 69.58514 77.42896
73.06294 64.83565 66.42161 79.46611 73.96787
71.13815 79.72543 75.92918 82.50524 92.59369
84.5575 87.85883 85.05302 78.87194 75.78135
79.05604 80.05117 80.37195 81.78404 76.28483
77.03233 76.90672 82.62669 81.63408 86.20349
84.25247 80.95815 69.65037 78.59389 86.88075
87.56992 84.37319 80.77587 85.63596 84.55453
80.97847 88.94267 77.97064 79.59732 83.377
76.83687 89.84591 89.43129 80.51992 77.86911
81.53423 86.10735 82.80667 82.08867 84.38829
84.65376 85.67496 84.43422 81.05249 77.88002
88.80459 85.69221 81.88878 76.50959 84.51413
77.82351 86.82405 84.74289 93.27076 81.05307
84.36066 78.09071 81.77567 81.25133 82.00261
82.33834 84.02099 87.4278 88.7497 84.05576
77.52003 80.78672 86.0045 85.76049 81.79873
77.29703 80.53879 81.36424 84.34059 78.71382
77.23294 71.71962 76.88256 92.89807 87.08933
83.50613 84.21384 79.09863 76.58774 83.23169
81.45384 81.47822 82.99364 80.42098 80.73684
81.25111 78.2073 81.33435 80.34422 80.55988
76.99671 85.17828 85.57731 81.0431 75.30118
87.17695 77.87945 80.71521 80.39652 84.46624
82.9076 82.0594 74.07834 83.26829 84.94216
82.83664 79.27343 79.23817 90.27042 90.36417
87.93573 79.36138 86.21304 80.84889 84.93196
73.933 81.86996 85.07728 85.2117 84.97128
84.4401 80.07452 84.64062 84.85736 85.86912
87.20007 90.70097 83.82228 91.92854 89.62413
87.25841 84.40042 80.93503 81.84435 80.80669
81.12532 73.3854 78.06995 84.09706 80.172
79.15704 82.11337 78.51079 78.52317 79.52167
78.13686 76.47163 78.92202 82.47822 83.02801
85.12015 77.81635 74.50871 80.83741 77.88185
80.65798 81.73351 87.15854 82.60189 85.39493
77.78952 81.81036 78.92552 79.04803 80.23803
85.70694 86.07152 82.97011 79.79488 78.85725
85.05549 75.38608 74.1405 74.22347 80.21104
79.61127 78.93846 77.16332 81.97813 77.41834
70.10478 75.0074 73.59678 82.02692 78.18032
80.04502 76.76207 74.79259 73.45102 76.31213
73.88156 59.25557 74.23488 86.2677 77.10689
73.16271 72.3832 75.73975 76.27104 82.01962
76.33537 74.54861 70.74346 79.96792 81.2048
74.55994 70.75625 71.63133 82.81019 83.68188
72.13749 68.1691 81.03473 78.43536 74.57141
75.42622 74.49874 86.8612 82.20032 75.45959
74.48307 83.4589 82.20066 78.49977 74.22313
72.97255 83.0402 72.74536 76.21165 84.95438
78.70883 74.4597 75.46402 80.76915 77.81172
78.75325 75.25894 76.35508 75.91196 75.87219
73.80295 78.30829 73.30683 71.2603 72.06405
65.254 71.0498 62.2845 72.50458 72.20352
73.44636 74.18039 78.59907 77.96539 60.0946
49.99805 68.49567 74.2701 68.46753 70.12377
69.65866 69.66597 76.16906 73.1247 76.42712
72.49509 74.72062 72.1252 69.81055 74.4993
84.47965 75.58016 72.04539 70.86238 58.71577
51.02187 53.47549 63.54851 72.42055 50.40607
46.47779 62.25273 71.64819 69.42493 75.36083
78.04482 77.24506 71.99086 76.24469 72.47171
77.33256 80.78906 84.04475 77.16064 78.13085
76.41938 72.69111 76.85559 73.36984 68.33497
69.11659 73.73954 75.5645 78.8738 85.15058
88.95646 83.51471 79.52072 83.75018 76.83262
68.95497 66.23193 69.75321 75.11416 80.02679
80.16358 74.23901 76.81148 69.27253 73.69396
74.95096 75.46901 80.79132 73.64749 70.85195
81.42717 84.99255 78.61626 81.35591 82.07007
91.28368 85.50709 80.65555 83.73363 79.83954
84.85509 73.41863 71.70329 67.77104 68.72345
84.10019 86.31371 77.9934 55.27165 52.40942
82.02764 79.81418 81.06876 83.20716 80.0936
80.63129 83.44988 80.14876 79.37006 84.30434
85.07582 86.96228 80.48399 80.82608 76.78224
76.88036 75.37847 77.97697 71.10633 69.48036
73.41227 81.50348 74.34632 75.3429 70.20393
71.0635 76.9195 79.92248 90.92475 81.74149
86.7662 91.60865 87.81075 80.15729 83.1324
82.58912 81.66078 81.05982 83.98882 81.22258
80.95655 81.38497 81.50476 84.85905 90.23263
87.06823 84.00558 82.46637 92.93872 88.84201
82.17554 83.41319 81.84294 87.2026 86.29665
81.57639 87.40988 82.30486 89.07273 87.51187
91.06955 87.64468 87.60674 80.15914 81.90306
93.30577 87.38452 85.89127 83.02177 81.80826
84.35801 89.10089 83.78138 84.34058 82.96035
84.37798 87.38241 82.39808 80.20734 81.28405
76.88006 80.94253 80.44353 77.90541 86.4312
92.76988 85.17739 76.39026 79.86033 81.02827
82.49959 87.73288 81.2095 83.31849 87.48606
84.19573 79.97267 83.26226 79.54057 85.27204
86.80602 84.87139 86.51982 83.16527 83.01621
90.13445 88.63861 86.6615 83.74502 89.1764
91.57948 82.02378 82.13253 79.9345 77.86121
86.23558 86.83611 82.24756 83.04346 80.72083
83.84764 79.09284 81.28783 78.62068 81.79412
81.14387 83.4596 80.40586 80.15852 84.60364
84.9263 85.47002 72.08926 72.80299 80.65609
86.80314 89.58612 80.81417 78.7121 85.58542
90.57238 85.89277 84.97725 75.82706 75.40488
77.32563 92.2752 84.68524 83.75595 76.53909
76.2377 82.54996 80.67353 79.33659 79.65941
80.00342 79.48442 74.86682 80.30896 81.61944
81.67662 81.26994 82.20876 82.645 75.51791
75.54158 76.66249 63.7158 63.92882 64.23255
71.30776 69.61061 67.63522 82.02079 86.31849
83.2969 74.94025 72.51525 83.92904 76.36765
82.67409 86.73663 84.28026 69.16516 86.65861
88.94267 85.42871 85.22892 78.81986 72.5328
75.33486 79.69593 81.79475 77.27171 82.01605
84.41418 80.68117 79.51342 75.32468 73.70264
74.51269 65.95511 69.01548 76.44398 71.32184
77.22534 80.72213 75.16048 87.30967 85.17531
76.83929 72.76614 81.60087 79.48623 85.81368
82.70607 84.3225 82.27072 75.97846 77.1642
76.801 80.21197 75.83001 68.30304 78.94788
71.41238 75.34353 79.47575 80.34885 75.66401
73.06615 77.74262 78.08955 77.47025 78.27973
78.07511 75.79245 63.7004 65.43214 68.22493
75.942 80.92309 78.73373 79.00755 73.83455
71.25776 74.98614 72.26305 86.06383 77.52751
69.29264 72.84665 82.99305 78.3421 80.91426
78.36699 74.8419 79.40359 77.08489 74.99027
77.51281 77.75202 78.10326 81.83255 79.96439
76.85865 78.74021 76.2414 72.99625 79.27077
81.94366 83.48594 78.63997 73.7442 77.916
78.5875 79.10563 64.84608 63.19232 64.5393
79.65289 81.9841 72.77127 63.27016 63.06798
69.64797 73.67618 71.50434 74.7561 76.67385
76.82348 75.77746 77.24926 84.64113 89.86799
82.85035 69.10644 68.02875 77.44942 80.64336
80.86871 73.46785 88.36375 81.24751 77.19305
76.874 81.3923 84.04981 89.02986 76.34312
79.9633 84.61443 83.86863 84.88356 83.65734
79.69938 72.26006 74.45896 76.07437 80.54971
82.25721 78.81695 70.2835 71.39943 72.96878
72.01542 74.69086 73.06559 75.35309 79.44974
78.35003 80.26759 74.46382 73.44474 82.90665
87.35949 83.38981 84.41074 84.14047 87.91004
88.42927 93.27489 92.77462 93.2678 93.81592
89.50838 87.64473 84.96824 92.06025 91.73186
90.81437 87.35274 90.45182 83.79387 83.75218
83.17303 82.93536 89.81084 86.32131 89.02858
87.93885 86.78061 89.31408 85.18683 87.51025
86.51326 88.36674 89.57375 91.11007 91.54496
92.49247 89.91262 89.34204 91.41137 90.982
88.86256 84.31787 79.77969 84.61217 85.28603
84.84933 86.46134 86.31871 89.58723 90.58564
88.90658 85.99619 80.70261 80.49349 70.24029
65.40363 82.15602 85.78902 79.92054 84.30711
85.92862 88.40491 86.77727 88.21732 86.56179
87.07138 88.22816 86.76362 83.54084 88.57877
91.88535 89.79954 89.8204 92.37647 90.91651
90.30804 89.83719 89.5032 90.69486 86.77832
88.82604 92.96499 86.27261 84.22917 76.86157
79.51569 83.74491 84.72908 88.84027 88.6492
89.01693 86.4626 89.6965 87.65446 89.79748
88.01955 91.04625 85.93159 84.71866 88.69146
90.61056 90.34106 88.46927 89.43804 88.27146
89.86327 91.16867 88.96411 88.38138 87.13545
88.0107 86.30198 90.59872 89.817 87.94161
91.14394 90.74052 91.05301 88.90923 90.61784
91.77567 90.16128 90.32133 93.0295 92.45052
90.57688 88.06923 84.9542 88.22204 92.14182
90.65996 85.07906 88.04489 89.00581 88.97629
91.553 90.45082 93.02476 91.11272 88.80325
87.09556 88.94015 87.21193 83.18633 84.33483
89.97322 88.14955 88.34473 86.37795 88.14437
88.04854 89.47439 90.6418 87.54421 89.54851
87.8133 85.83082 82.62143 87.16964 91.99116
90.51244 90.35997 92.7414 89.83603 88.04684
88.87494 84.83598 89.07467 90.58178 86.34942
85.334 89.65755 92.67734 89.4753 89.37302
91.53253 91.1842 88.197 92.05958 94.15544
91.43294 91.53175 86.88709 93.01463 90.30868
86.46303 81.74281 87.41548 81.06403 90.78638
92.0467 90.0482 87.56614 88.59733 87.06356
91.09178 87.83594 92.80682 79.73141 80.73547
87.65235 89.90383 77.05015 92.86816 84.99112
84.38255 88.61346 94.14929 94.64802 85.35144
91.00956 87.78161 93.36302 92.95082 91.4135
91.53273 93.23432 85.74336 86.59124 87.8481
86.73098 90.25607 82.04699 80.4729 88.12634
89.12977 85.4916 88.9038 86.0489 84.5566
92.42329 93.38987 87.01031 87.64167 78.61522
85.98933 90.76235 84.38606 79.00942 81.45113
89.59761 85.75981 84.92516 83.2355 93.22748
93.9171 92.37808 91.70737 93.9838 89.56552
82.02165 83.59443 87.36264 90.5161 88.72009
81.9777 82.69318 73.76434 76.31739 66.38762
64.91076 60.88828 72.95934 83.34837 85.48313
86.61801 86.30501 89.74178 85.93995 85.60199
89.48257 87.03964 87.41465 89.73768 87.43948
87.04187 80.47466 84.73763 82.495 84.41282
89.25507 92.44288 87.55625 89.0797 88.64077
86.25276 86.37588 90.97179 90.56725 89.3349
90.25957 89.14543 90.15445 88.83073 90.37581
92.81838 88.91491 87.4556 87.2091 88.65637
81.28866 84.76522 86.8837 83.57984 86.083
84.17405 90.10065 85.1167 80.56958 75.9433
74.49273 65.30541 62.56302 80.99696 87.86358
93.19757 85.61881 90.20093 89.70375 85.12669
90.11595 87.67879 88.23531 88.69725 87.8111
89.87753 84.26432 82.44807 81.89893 82.20889
87.69003 87.05512 85.80331 88.15699 87.27416
81.28753 84.235 84.22151 88.05234 91.82359
88.48617 75.23589 81.69614 87.26582 83.04523
85.33268 87.51429 89.10135 90.00984 84.75862
83.04429 86.22454 86.35425 89.91477 89.41463
86.54142 89.29098 91.3384 90.4578 91.19473
88.64073 90.77449 91.30278 89.41883 94.04964
90.98179 88.54386 89.42459 87.54718 86.36032
84.85101 84.8556 87.83057 77.22531 82.04109
85.6749 83.14784 87.87299 82.77882 80.50939
84.11664 89.80659 88.69511 82.40872 84.00437
80.29206 84.94914 85.36461 85.41492 89.49448
88.28275 85.49792 78.52578 77.67291 82.00403
76.8191 72.71959 67.99984 85.19692 84.78426
84.09279 87.45022 80.7451 89.60488 86.59966
83.49717 90.58555 90.93682 92.85794 94.1528
91.71303 92.33079 92.66949 85.75354 85.34387
91.92951 90.24455 91.64181 89.19126 88.27778
88.06688 87.55385 90.73377 88.07538 91.8345
88.33089 90.32067 84.21468 90.02373 92.79125
91.24379 88.20873 92.17477 89.22819 90.63275
84.24293 89.52994 87.40263 88.81655 83.30711
87.88702 88.07746 92.32527 87.11093 89.61618
88.64432 89.6149 90.17531 91.23538 92.38255
92.38884 90.93962 90.14824 87.09194 84.63698
91.88938 90.81432 88.13537 87.74678 87.73973
88.67314 88.60421 85.70583 91.44772 86.19339
88.04582 86.53383 86.90674 88.20278 88.0223
87.49148 86.03032 82.57985 88.90369 86.9286
84.65642 89.45422 92.18949 90.11358 90.59695
87.10074 87.70138 89.48899 92.33209 87.973
85.29629 85.22429 86.21014 92.25319 87.60694
87.60208 85.00194 85.86054 85.62385 85.44478
87.72047 87.54213 89.25815 89.98401 89.45129
86.94203 87.68616 88.76004 88.61547 89.63031
89.01442 90.88879 90.58 87.07521 84.31807
90.02768 83.74287 89.98185 86.54343 92.03587
91.24288 86.74872 84.30056 89.03634 90.80204
87.05487 86.96732 89.8429 90.75211 89.5969
88.18651 86.40798 86.14361 86.17038 88.29637
81.62569 89.16765 89.05468 92.62644 92.2452
88.4509 88.31023 93.26012 89.65961 92.50713
91.97891 94.03795 92.68517 93.12704 92.2137
90.57701 89.45647 89.42867 90.81154 92.73927
90.25736 83.12541 85.25957 92.06647 87.01147
85.8812 87.3901 88.60761 88.50998 89.13272
83.25383 89.54091 88.50173 88.34863 87.13821
89.32832 84.6896 84.81483 89.50846 89.32088
91.65678 91.51646 91.27772 88.56167 86.70213
88.26656 89.46479 90.2447 89.23016 92.4192
93.78618 93.58244 92.49796 85.78177 85.46433
91.98681 87.50299 84.55113 84.89538 89.75424
89.44297 88.79053 86.31442 92.67961 87.70712
75.53474 80.22214 83.83841 89.09499 86.59043
89.01432 89.94985 86.26804 81.55267 88.92628
82.6432 73.21917 82.19203 91.32475 84.64514
82.93999 82.87417 89.77496 87.89797 90.77246
87.16499 87.60543 83.12635 89.41663 86.76856
81.71025 78.95504 82.82079 88.30157 88.68844
79.753 77.69118 87.19486 84.34245 84.19227
82.98425 83.52965 91.25864 92.85335 87.41105
85.7472 88.94468 91.68277 91.40668 86.37551
86.09897 90.25423 84.60568 84.89138 83.24395
85.47325 87.65621 88.31921 89.35792 85.90722
83.29948 84.97006 88.4495 88.65559 88.44428
83.4669 85.1376 84.77078 85.10581 80.63858
80.38774 86.59035 77.41785 85.98438 83.80976
86.51157 83.53953 85.99235 79.59742 69.62974
57.08124 82.95564 85.48396 84.09057 82.27171
79.58365 80.01819 87.91887 86.1684 89.03058
86.59782 87.60516 84.87303 85.9681 85.39776
91.33716 84.50858 82.1138 74.73421 59.81722
50.53947 63.3237 77.67948 79.3688 52.32682
48.82229 72.77377 84.35938 85.15509 89.7748
89.17665 87.32044 85.01653 88.55047 90.06412
87.42884 87.75217 88.70117 85.7538 83.82749
82.41903 84.3351 82.16352 81.42631 77.20469
81.39886 86.58421 83.31081 83.43156 88.29481
91.09399 86.33546 85.6938 87.0565 84.86941
77.91462 72.50189 78.85837 86.10905 86.32389
88.467 84.28145 89.6461 79.10393 86.28762
86.0477 86.25549 86.25549 86.25549 86.25549
86.25549 86.25549 86.25549 86.25549 86.25549
86.25549 86.25549 86.25549 86.25549 86.25549
86.25549 86.25549 86.25549 86.25549 86.25549
86.25549 86.25549 86.25549 86.25549 86.25549
86.25549 86.25549 86.25549 86.25549 86.25549
86.25549 86.25549 86.25549 86.25549 86.25549
86.25549 86.25549 86.25549 86.25549 86.25549
86.25549 86.25549 86.25549 86.25549 86.25549
86.25549 86.25549 86.25549 86.25549 86.25549
86.25549 86.25549 86.25549 86.25549 86.25549
86.25549 86.25549 86.25549 86.25549 86.25549
86.25549 86.25549 86.25549 86.25549 86.25549
86.25549 86.25549 86.25549 86.25549 86.25549
86.25549 86.25549 86.25549 86.25549 86.25549
86.25549 86.25549 86.25549 86.25549 86.25549
86.25549 86.25549 86.25549 86.25549 86.25549
86.25549 86.25549 86.25549 86.25549 86.25549
86.25549 86.25549 86.25549 86.25549 86.25549
86.25549 86.25549 86.25549 86.25549 86.25549
86.25549 86.25549 86.25549 86.25549 86.25549
86.25549 86.25549 86.25549 86.25549 86.25549
86.25549 86.25549 86.25549 86.25549 86.25549
86.25549 86.25549 86.25549 86.25549 86.25549
86.25549 86.25549 86.25549 86.25549 86.25549
86.25549 86.25549 86.25549 86.25549 86.25549
86.25549 86.25549 86.25549 86.25549 86.25549
86.25549 86.25549 86.25549 86.25549 86.25549
86.25549 86.25549 86.25549 86.25549 86.25549
86.25549 86.25549 86.25549 86.25549 86.25549
86.25549 86.25549 86.25549 86.25549 86.25549
86.25549 86.25549 86.25549 86.25549 86.25549
86.25549 86.25549 86.25549 86.25549 86.25549
86.25549 86.25549 86.25549 86.25549 86.25549
86.25549 86.25549 86.25549 86.25549 86.25549
86.25549 86.25549 86.25549 86.25549 86.25549
86.25549 86.25549 86.25549 86.25549 86.25549
86.25549 86.25549 86.25549 86.25549 86.25549
86.25549 86.25549 86.25549 86.25549 86.25549
86.25549 86.25549 86.25549 86.25549 86.25549
86.25549 86.25549 86.25549 86.25549 86.25549
86.25549 86.25549 86.25549 86.25549 86.25549
86.25549 86.25549 86.25549 86.25549 86.25549
86.25549 86.25549 86.25549 86.25549 86.25549
86.25549 86.25549 86.25549 86.25549 86.25549
86.25549 86.25549 86.25549 86.25549 86.25549
86.25549 86.25549 86.25549 86.25549 86.25549
86.25549 86.25549 86.25549 86.25549 86.25549
86.25549 86.25549 86.25549 86.25549 86.25549
86.25549 86.25549 86.25549 86.25549 86.25549
86.25549 86.25549 86.25549 86.25549 86.25549
86.25549 86.25549 86.25549 86.25549 86.25549
86.25549 86.25549 86.25549 86.25549 86.25549
86.25549 86.25549 86.25549 86.25549 86.25549
86.25549 86.25549 86.25549 86.25549 86.25549
86.25549 86.25549 86.25549 86.25549 86.25549
86.25549 86.25549 86.25549 86.25549 86.25549
86.25549 86.25549 86.25549 86.25549 86.25549
86.25549 86.25549 86.25549 86.25549 86.25549
86.25549 86.25549 86.25549 86.25549 86.25549
86.25549 86.25549 86.25549 86.25549 86.25549
86.25549 86.25549 86.25549 86.25549 86.25549
86.25549 86.25549 86.25549 86.25549 86.25549
86.25549 86.25549 86.25549 86.25549 86.25549
86.25549 86.25549 86.25549 86.25549 86.25549
86.25549 86.25549 86.25549 86.25549 86.25549
86.25549 86.25549 86.25549 86.25549 86.25549
86.25549 86.25549 NA NA NA
NA NA NA NA NA
NA NA NA NA NA
NA NA NA NA 85.7148
85.06032 88.30411 81.79024 81.25288 82.92565
86.41623 83.62102 81.41042 81.20944 83.2125
97.19732 88.74205 84.30517 93.47828 83.39587
88.60033 87.41695 94.81368 92.58441 83.7893
90.58098 87.30965 89.49996 85.86378 85.73753
94.95102 88.51466 92.7384 87.63339 91.45576
91.85414 94.59525 91.33683 89.69172 84.03048
95.83966 95.35945 88.87165 89.87006 88.12462
92.27614 88.79125 85.68862 80.50117 88.31978
87.97713 88.02503 91.95685 94.0194 89.40272
82.36619 84.32014 90.73459 92.93325 86.81922
94.69792 84.62697 89.55091 92.06421 95.38752
84.7142 86.2705 86.09708 89.18306 90.96291
89.08706 96.46278 94.25653 89.07608 90.8658
88.99251 87.84749 83.09867 88.55361 87.74342
89.9656 90.11958 82.28759 85.66172 87.48768
87.46299 92.25091 92.98758 91.90311 89.34452
96.01986 92.57473 91.69116 93.73446 83.23593
84.73784 87.11176 86.58878 90.24007 87.61928
91.71867 98.28663 91.26182 86.68129 89.91104
91.72534 91.65476 89.43323 92.07333 91.77065
84.30764 88.09212 93.22514 90.31578 92.15103
89.97853 90.96453 89.71542 86.34038 91.76879
89.87644 85.75444 87.94464 89.11064 90.51044
88.56834 87.04277 91.92068 91.14009 88.49159
87.44646 92.10038 94.48818 87.36317 90.80055
85.88369 96.57496 88.78244 90.83223 91.54759
92.32317 95.58919 90.88942 89.57232 96.09185
90.46139 96.12101 94.20034 93.15825 91.64448
91.33853 89.18636 89.76139 90.2052 90.01291
92.79122 88.79748 91.1683 92.81291 88.24135
89.0133 93.44933 94.91117 88.64704 89.6874
92.65071 84.44973 91.2497 95.30716 91.98098
93.88755 90.99371 91.39769 93.90314 92.64825
91.30176 85.26211 87.16116 89.82743 94.58157
95.78611 93.115 91.80048 96.18234 86.11399
95.0827 88.55206 84.06838 92.21197 86.18031
93.81837 94.86978 91.60775 89.39766 90.76379
82.66989 83.26903 84.88245 82.05043 96.47076
90.36634 86.82426 97.05691 92.47027 96.10406
92.62582 92.73643 95.72202 88.52806 90.57505
89.09573 82.19819 88.84298 95.02037 94.47445
96.65535 92.79275 89.48028 94.99958 90.8512
92.51639 91.36239 94.7498 96.57753 91.39061
92.676 96.90702 92.69783 88.65403 87.76516
88.52146 93.89513 94.32266 93.50007 96.92892
95.2403 94.76556 92.18408 91.95762 86.12973
96.04086 93.62392 91.21491 90.12827 89.53462
92.02026 93.39127 84.3819 94.08924 90.73867
91.25758 86.245 92.72007 88.57204 89.70796
94.288 87.55225 97.25264 92.25562 86.59441
89.60985 91.18081 93.60119 80.9244 93.2435
96.67213 87.491 96.28648 89.59786 80.70218
82.61664 87.99584 87.9603 83.99407 78.56824
88.05998 82.33366 89.00095 86.71984 87.16491
95.1366 86.90587 96.44 90.68472 86.20604
89.45275 89.67325 96.20802 96.49709 89.85112
91.65041 83.33498 84.25279 95.25889 94.68269
91.92943 91.40432 87.22383 92.24204 92.27861
93.70151 96.37396 98.45942 93.26222 94.50923
96.09667 94.02353 81.49166 98.27769 92.51889
90.55967 87.77825 89.01493 93.28739 92.43116
93.39125 87.63247 95.79242 94.33622 94.9981
92.65424 84.20159 93.09874 85.43852 93.76715
94.76409 93.71474 85.56995 87.1088 90.38817
87.04452 86.30338 98.00815 91.31289 94.64782
94.41178 93.37496 91.52093 87.81281 94.37325
95.55708 94.16974 91.68336 94.95107 87.40296
93.10757 95.10764 87.55284 91.74387 89.52345
92.74953 83.89757 94.70521 88.40751 94.90454
94.38153 88.05389 89.91988 83.82073 93.95168
88.94898 97.78025 90.1644 94.4128 91.22163
89.98367 96.50948 90.7981 88.51308 87.61613
90.43922 86.25724 86.44909 86.42049 87.20017
93.10948 90.57528 NA NA NA
NA NA NA NA NA
NA NA NA NA NA
NA NA NA NA NA
NA NA NA NA NA
NA NA NA NA NA
NA NA NA NA NA
NA NA NA NA NA
NA NA NA NA NA
NA NA NA NA NA
NA NA NA NA NA
NA NA NA NA NA
NA NA NA NA NA
NA NA NA NA NA
NA NA NA NA NA
NA NA NA NA NA
NA NA NA NA NA
NA NA NA NA NA
NA NA NA NA NA
NA NA NA NA NA
NA NA NA NA NA
NA NA NA NA NA
NA NA NA NA NA
NA NA NA NA NA
NA NA NA NA NA
NA NA NA NA NA
NA NA NA NA NA
NA NA NA NA NA
NA NA NA NA NA
NA NA NA NA NA
93.31526 90.11566 90.53017 89.14038 90.08573
84.84225 84.75238 87.6174 89.7885 88.0528
93.68638 94.83637 89.80251 82.23471 90.27683
82.23908 90.73996 82.60297 82.14259 81.56198
69.40155 83.96248 81.16053 88.55301 89.81561
85.12899 77.74021 87.15162 90.17711 92.89649
82.88443 86.37772 85.40071 88.88669 81.83922
87.53172 88.29891 86.49444 95.55988 87.80147
84.92512 88.82696 90.6885 97.85842 90.38129
91.16378 94.66164 87.87097 93.21515 95.7984
96.62135 90.62029 91.05268 90.82985 80.90725
95.44397 95.26694 88.05982 95.41665 86.36511
97.56216 88.85341 86.99769 92.87968 94.02475
89.70045 90.06601 93.84988 90.52007 88.64826
90.34852 94.08607 91.20645 86.41459 87.58584
84.82622 83.73421 81.71005 92.90499 90.40908
90.55061 78.68642 91.13644 92.51786 90.24058
81.62695 82.06357 89.2295 92.55398 87.79795
89.51813 87.58441 77.90606 87.13608 95.6485
88.05698 81.294 89.78055 90.36028 79.56873
88.80655 92.94782 82.16145 89.30863 91.65483
91.72036 88.24451 84.42997 84.99559 94.74267
94.60169 88.27262 96.58543 92.25947 91.53358
91.96038 83.13168 93.75535 92.67438 90.00936
84.60879 89.5404 95.9531 90.73097 93.43241
93.6238 90.73458 87.77004 92.25452 94.73769
92.80874 87.12647 91.53537 89.72266 92.83924
93.09022 90.43172 91.03291 86.38914 82.82159
89.51768 95.40643 92.84739 90.12515 92.61056
91.21483 89.92156 81.64566 81.74656 88.69846
84.14505 89.63565 86.75337 87.00763 86.50192
86.7538 86.40099 87.14906 83.27779 86.4172
76.96915 90.33246 92.36102 80.55339 88.13245
74.03324 87.85259 79.90618 85.42286 96.67333
87.78298 84.50239 90.52876 89.27864 81.50036
83.54218 86.89822 93.04862 95.26969 84.73132
70.28216 73.26568 89.76633 83.24568 82.54934
73.74177 77.12207 82.97353 88.60288 87.21256
80.75354 81.05523 77.87733 75.51202 93.92288
88.13287 91.66225 91.94808 89.81944 88.10126
80.6544 88.86951 94.18678 91.86274 94.57245
94.03549 84.94464 81.93077 84.38036 80.92847
80.65479 81.42342 79.34374 75.28012 84.24162
81.37087 78.70776 84.62098 90.11257 88.55933
84.92647 87.1728 84.98136 79.96457 90.85174
93.07767 94.01524 97.89116 98.31871 97.54622
92.54418 87.72914 90.25395 95.3785 93.94205
91.45061 87.6426 95.61979 94.99037 94.67343
98.65623 82.96806 82.89282 85.39782 84.41057
90.66612 92.93681 93.21813 93.97103 96.54861
99.1954 93.2999 94.35218 96.93655 91.86636
91.72485 96.35336 95.54435 93.78648 97.6116
95.19142 90.33363 82.44662 95.15538 93.75651
88.18612 92.45769 90.54647 93.51788 87.06389
92.3125 91.71985 92.40773 94.95064 85.79661
87.00755 88.54084 91.79697 88.05165 85.66047
92.27816 92.22397 96.40686 90.36505 94.43481
98.04915 95.59296 90.07714 91.13325 93.73875
89.226 88.71373 87.36885 91.51836 80.88345
88.05872 86.90324 88.91626 88.19119 86.39459
91.333 98.15734 87.39891 96.23287 84.13363
90.55164 88.58953 84.58728 89.68236 96.73093
91.1616 80.86105 87.68589 96.34578 89.2961
83.92405 99.41553 93.1838 95.46868 91.37745
87.20537 92.70445 93.56907 99.25291 90.89275
93.81395 89.08903 88.15166 86.03386 99.63831
88.89948 87.61894 89.60781 93.86497 97.82445
90.3612 87.47321 94.23039 89.39449 88.5078
92.35409 89.46432 97.38322 88.55059 97.34623
93.76995 90.30719 89.31716 87.60736 88.11192
96.7956 91.12404 90.56477 88.36162 99.88869
97.76144 91.96998 95.72503 99.782 99.1745
96.0356 91.64674 98.73304 92.58785 97.19202
94.70264 87.70083 92.24618 95.94454 84.96856
91.17109 96.6129 96.44624 86.34364 89.56423
95.22532 98.76151 96.32283 98.48983 93.21452
90.33969 98.45118 99.00731 99.23323 99.84175
89.68994 94.047 97.22222 98.84485 99.87328
94.19054 99.87031 97.86138 98.1874 89.78117
99.87682 93.58567 99.27794 97.84631 95.08699
99.80365 92.759 98.78629 99.60763 91.37513
95.73376 98.58021 89.19922 95.33475 93.52307
86.10425 85.64076 97.92791 89.28836 97.80072
89.87281 87.60322 85.27386 93.75083 97.58015
86.98797 82.40155 99.58717 93.00798 86.37482
98.49415 97.86088 98.98166 91.87396 98.34788
94.89187 93.19164 92.0924 83.6366 82.12411
82.33922 90.61863 92.08005 96.48458 94.89838
92.82103 84.02278 93.96213 88.54507 91.68299
86.95651 95.33566 93.18018 90.71907 90.4785
90.4785 90.4785 90.4785 90.4785 90.4785
90.4785 90.4785 90.4785 90.4785 90.4785
90.4785 90.4785 90.4785 90.4785 90.4785
90.4785 90.4785 90.4785 90.4785 90.4785
90.4785 90.4785 90.4785 90.4785 90.4785
90.4785 90.4785 90.4785 90.4785 90.4785
90.4785 90.4785 90.4785 90.4785 90.4785
90.4785 90.4785 90.4785 90.4785 90.4785
90.4785 90.4785 90.4785 90.4785 90.4785
90.4785 90.4785 90.4785 90.4785 90.4785
90.4785 90.4785 90.4785 90.4785 90.4785
90.4785 90.4785 90.4785 90.4785 90.4785
90.4785 90.4785 90.4785 90.4785 90.4785
90.4785 90.4785 90.4785 90.4785 90.4785
90.4785 90.4785 90.4785 90.4785 90.4785
90.4785 90.4785 90.4785 90.4785 90.4785
90.4785 90.4785 90.4785 90.4785 90.4785
90.4785 90.4785 90.4785 90.4785 90.4785
90.4785 92.31914 89.63283 94.35467 89.84886
88.62831 92.37836 96.96443 89.97386 91.23391
92.63558 88.06724 98.72795 95.12108 87.69856
92.54159 90.88713 92.38468 87.93726 83.42065
81.07722 86.26343 86.73877 91.6922 91.10199
88.10331 91.35218 90.51828 81.04472 83.94711
91.1162 89.03535 86.38931 86.9227 91.31304
90.54427 93.74589 91.77096 92.4337 91.61214
98.62935 84.16631 85.34175 87.43575 95.54367
70.66726 66.60431 67.36646 75.70441 69.13857
69.84655 66.83162 71.77009 84.36048 83.04621
75.16979 71.44868 73.99867 67.52547 72.26175
68.89681 74.04515 87.30077 80.90067 80.23021
80.6891 79.73563 85.34777 78.94908 75.39197
74.24051 74.79595 75.35159 76.37198 77.1652
75.98887 73.54329 71.98194 74.62334 73.49681
71.80203 66.19719 73.95706 83.64704 78.23114
75.90993 74.5436 75.09261 73.62437 74.56909
78.12658 70.53572 62.99108 68.22114 65.79901
50.28915 57.81915 69.50109 70.22854 71.85525
75.78454 73.15703 69.9578 70.86048 71.38736
75.51547 79.22536 76.15909 74.53248 78.21873
80.54093 76.26582 75.73667 76.28285 74.73037
75.932 75.32426 77.83195 81.21872 77.68887
82.59256 90.07447 86.24583 87.21525 74.35735
83.16759 73.96868 76.48482 81.99225 79.84015
73.37954 76.40676 82.86333 81.96675 80.59148
79.32927 85.84793 75.59953 74.96881 80.27847
76.02377 77.07332 75.76339 72.0217 73.83824
70.82968 75.71467 73.95055 76.24792 73.13093
80.4891 81.17883 83.84207 74.0963 76.54865
84.35402 78.73821 78.28026 76.70929 77.06174
83.10532 76.96998 76.08889 76.02752 78.11345
76.3178 71.35247 74.63004 80.59759 82.51679
78.87445 77.43431 75.35388 73.71703 73.49406
82.06458 80.99757 78.55407 78.49009 79.97465
74.13252 77.35891 82.02816 71.66385 76.66897
82.59167 73.15388 82.54779 74.64032 78.18181
74.75654 74.842 85.15342 82.18207 76.78869
80.27146 73.59745 68.21937 77.359 86.13844
85.24714 81.57963 78.68505 80.77658 78.18166
79.52321 74.79048 74.1408 78.61182 73.21601
69.09827 78.53966 79.6988 79.69747 77.52246
81.48684 78.95247 75.57592 80.11357 76.49688
81.91665 72.20809 67.71361 72.96901 70.84473
74.41813 68.48314 73.53213 66.73477 76.48273
76.60266 79.65435 80.55269 73.58792 75.20471
75.20471 75.20471 75.20471 75.20471 75.20471
77.68943 75.12796 67.82084 84.09923 77.90385
78.86436 78.36361 87.8412 81.91586 73.99557
75.12085 72.15004 82.14384 77.66238 77.27298
78.14976 76.32442 72.38183 75.04434 71.49716
70.17274 74.12186 66.69052 65.76467 71.58311
74.92331 71.48724 71.53287 69.76247 67.39546
82.57873 79.92652 78.22105 76.10039 63.46195
71.02991 74.54631 74.13321 67.10326 71.33817
73.17098 76.62488 68.25899 65.86491 77.65776
73.05585 74.75811 73.24327 78.64433 79.47494
68.20702 70.11605 66.979 71.25354 68.7195
62.22026 65.14153 61.00909 58.63716 53.70133
54.8935 53.02257 57.45375 69.65046 67.07405
73.16966 75.32751 73.40083 73.51488 66.68468
66.29084 62.56555 69.20962 69.183 68.63913
68.98462 61.68218 69.68691 73.97047 71.26322
71.81432 75.47768 64.75713 71.41883 69.9267
62.24667 66.69019 76.78115 74.50815 73.79162
83.82623 80.31022 82.52961 80.88631 77.04809
78.37604 76.31186 74.54444 65.78016 67.42545
67.57865 69.75515 73.01828 68.7571 68.64227
65.89909 72.7023 73.17321 75.9337 67.9511
61.83961 59.28908 54.23447 63.47886 80.95029
89.50427 81.84027 78.52139 74.60583 74.26818
78.49304 77.10253 75.82672 76.33625 73.02799
86.04825 76.49893 67.08823 66.62171 68.52231
78.20598 82.32129 82.06915 76.27675 75.12095
69.48296 77.46287 77.21897 73.68074 75.82684
75.55955 60.47445 63.15997 74.0423 69.36759
71.79934 76.35576 71.30889 72.92321 66.90905
65.00661 59.33919 75.76537 82.87287 75.13144
75.73878 76.44 75.72653 72.51218 72.45473
67.46859 72.29373 72.31169 67.71793 73.40371
73.44048 74.14876 71.06542 68.34611 68.93704
70.69975 71.85732 67.19157 66.58249 66.62011
70.11206 66.14012 70.09492 66.3841 64.54289
66.47032 72.44346 79.21913 70.52285 65.6791
66.39787 71.0792 66.91595 71.0048 82.08997
73.82483 75.95067 70.0964 69.53772 78.70821
65.65102 58.98871 48.05873 61.77024 68.58419
61.51296 62.74501 58.50888 75.64312 68.79633
66.6123 73.11388 70.35187 77.38616 84.64979
79.34081 80.1082 80.59894 78.0976 70.05627
75.27799 77.04776 76.76255 74.59588 71.46283
75.19533 74.15648 81.70565 75.92085 83.15373
79.79529 76.28489 67.80529 76.17044 81.5624
81.62805 77.2466 80.06753 82.90181 82.59588
76.13371 87.1002 76.79875 78.21744 77.74425
75.00843 85.07487 86.36829 79.99328 75.29109
78.91616 86.64333 80.57962 77.61699 81.17113
79.1985 76.42534 75.1568 80.47848 75.30229
83.5855 80.9872 81.78931 77.6015 82.46349
78.0241 82.65116 81.36208 89.59401 79.37109
83.76119 77.44843 80.4498 81.34177 78.10038
81.9064 76.20345 77.80459 83.36935 81.00098
75.65393 79.27391 78.62864 72.46197 76.53791
73.62777 76.22011 75.37528 79.52109 74.06673
68.7021 69.89016 72.37674 88.89514 81.65097
82.04542 81.7699 77.89091 75.38596 78.0522
79.91586 77.19815 81.7802 76.58782 77.17507
77.98216 78.01061 73.46093 73.50755 77.02089
72.51194 75.80808 79.51436 73.62312 65.95623
77.27472 69.58549 72.52555 72.94095 78.07509
77.27799 77.53863 69.89186 75.45889 82.41862
76.24526 76.43039 75.10978 88.62966 87.73403
82.27015 78.73465 84.30787 78.18419 81.61624
71.19683 80.07335 81.94108 79.00911 81.82895
74.55688 77.22648 82.81288 80.6709 83.49528
80.35483 87.28078 81.19914 85.96324 79.85433
83.66896 80.55816 75.15492 73.91246 76.61712
76.7713 74.20073 77.58081 79.30283 72.65895
74.9933 79.70806 73.76895 76.29603 72.86271
65.09696 69.69757 73.08586 74.21662 76.76568
79.83405 70.90361 68.36385 74.43519 72.51985
77.97419 80.26185 80.75957 75.98474 72.4656
71.06921 78.66236 72.19199 78.037 73.37175
75.95147 82.35483 77.00891 72.30811 73.25844
76.54161 73.25366 69.25622 67.25977 73.15678
75.31496 73.18806 71.77442 76.57903 71.2641
66.25188 69.00053 68.44479 73.20994 70.87228
73.44547 67.98943 67.28548 64.97737 69.16679
66.14905 57.04766 63.58542 79.29097 69.33127
66.42018 64.69685 70.91654 69.66322 78.07976
68.35705 67.253 66.78594 79.19917 77.58429
70.60114 63.99546 67.93858 75.6839 83.46788
67.70844 61.80736 78.20394 76.45695 72.8035
72.42741 73.93897 88.23105 78.45381 73.65361
69.74619 75.2543 75.69367 73.94706 71.78227
67.2357 75.97714 69.0689 70.07935 83.97029
81.02224 76.50758 76.80346 80.9171 69.57295
77.07171 74.48571 74.96316 74.06558 76.46651
73.53652 81.80862 72.40124 70.99419 73.43698
65.55189 67.39043 63.73768 68.06703 69.62348
69.85705 72.68003 75.83119 70.66635 52.48243
49.11485 65.74286 75.07108 67.38972 70.2989
66.3343 64.02043 77.7324 75.00066 80.59778
73.56671 65.64881 64.17339 68.59599 74.52821
83.83408 77.09535 67.75095 63.03209 57.02469
45.01024 57.89743 67.56035 67.54373 38.63573
35.62801 53.63174 66.64076 65.36314 71.85879
70.86742 72.29433 69.72127 75.09951 72.53779
74.20543 77.7734 85.0259 76.90976 72.617
69.39503 71.73955 75.35821 64.87095 69.13036
69.73014 70.23699 70.12853 72.9655 78.21423
89.06553 80.53765 76.07971 78.62306 78.85725
70.68666 65.55217 65.86792 77.3306 76.41855
76.60569 72.84517 76.89266 67.24843 78.17573
66.40931 NA NA NA NA
NA NA NA NA NA
NA NA NA NA NA
NA NA NA NA NA
NA NA NA NA NA
NA NA NA NA NA
NA NA NA NA NA
NA NA NA NA NA
NA NA NA NA NA
NA NA NA NA NA
NA NA NA NA NA
NA NA NA NA NA
NA NA NA NA NA
NA NA NA NA NA
NA NA NA NA NA
NA NA NA NA NA
NA NA NA NA NA
NA NA NA NA NA
NA NA NA NA NA
NA NA NA NA NA
NA NA NA NA NA
NA NA NA NA NA
NA NA NA NA NA
NA NA NA NA NA
NA NA NA NA NA
NA NA NA NA NA
NA NA NA NA NA
NA NA NA NA NA
NA NA NA NA NA
NA NA NA NA NA
NA NA NA NA NA
NA NA NA NA NA
NA NA NA NA NA
NA NA NA NA NA
NA NA NA NA NA
NA NA NA NA NA
NA NA NA NA NA
NA NA NA NA NA
NA NA NA NA NA
NA NA NA NA NA
NA NA NA NA NA
NA NA NA NA NA
NA NA NA NA NA
NA NA NA NA NA
NA NA NA NA NA
NA NA NA NA NA
NA NA NA NA NA
NA NA NA NA NA
NA NA NA NA NA
NA NA NA NA NA
NA NA NA NA NA
NA NA NA NA NA
NA NA NA NA NA
NA NA NA NA NA
NA NA NA NA NA
NA NA NA NA NA
NA NA NA NA NA
NA NA NA NA NA
NA NA NA NA NA
NA NA NA NA 73.96464
79.35879 81.2614 66.02175 62.0549 61.79191
79.82697 71.91178 67.25975 53.15753 57.07573
63.14931 71.18111 66.37377 65.05328 68.12555
74.4323 73.01288 77.46924 82.76587 87.43648
77.81519 62.18283 57.27713 60.99644 80.43911
80.44283 72.58791 87.78468 80.50126 75.61777
76.95964 80.93854 80.83202 81.29557 76.33482
81.22098 84.42675 81.94582 81.26522 77.35727
64.32818 69.16289 72.54153 74.84407 74.63759
74.74341 75.1275 58.89356 69.92829 70.26854
69.88123 66.18274 73.27329 68.22595 72.64096
73.42348 73.53728 74.17963 73.81933 73.49526
74.72011 75.67549 74.0525 74.24353 73.23842
87.20182 80.64728 84.69997 91.9532 87.06721
86.93805 90.60555 89.38846 97.42193 96.58984
94.58498 88.96995 89.64614 85.84652 84.09333
83.90742 87.52863 91.67638 89.00809 89.02266
88.435 89.89602 94.95495 89.32797 89.81905
88.77594 87.77575 90.85478 89.5995 90.18213
94.13783 93.66053 88.5894 91.22043 89.95539
88.11365 81.87329 85.3091 88.29993 88.57328
89.79661 87.37932 89.62909 90.27758 89.86565
91.7264 88.18315 83.17909 81.00934 79.77857
75.64264 78.03802 84.39591 84.3746 83.40045
85.81076 86.86077 86.27619 89.81705 85.09715
82.51293 86.96428 87.19477 86.94245 88.28635
95.93853 92.11091 93.92579 96.16365 94.2684
90.11463 89.73323 90.61031 94.99404 87.89992
92.70559 94.067 92.78859 91.30723 85.33251
92.65158 87.22035 88.18528 87.67441 87.63615
84.17355 86.96785 92.67363 87.53971 91.20463
92.25641 96.08191 88.51831 85.89728 89.12164
90.14334 93.12079 89.91583 87.9288 88.83374
88.45801 91.42476 90.08088 91.67515 85.18131
88.45134 82.5537 83.02471 84.84485 83.81939
94.86817 92.08424 93.72047 93.69059 94.88162
98.00812 92.84845 92.16836 93.22192 90.76455
90.86073 86.08159 83.33866 89.14871 93.02939
92.2616 89.40607 87.84385 87.07172 90.78125
98.92178 98.29109 95.9625 93.65079 90.64864
90.63134 92.65134 95.76165 86.47062 92.13351
94.17299 86.51776 94.11526 86.75542 90.93778
91.25277 88.63834 93.55069 92.59793 88.52462
93.3908 90.00751 91.06946 94.8151 97.15357
97.82746 96.51276 93.24465 95.16796 89.04893
92.49067 91.02217 94.8373 95.18341 86.13306
88.02779 94.05487 96.73507 97.32132 95.95404
98.03201 95.73645 94.16678 95.90734 99.22324
97.85372 97.64944 90.94354 93.32304 92.34442
89.52863 89.12125 90.29982 86.57342 94.44645
94.2 93.15774 93.48195 89.19682 88.82686
94.95755 93.19012 96.3253 81.78005 82.92633
89.59035 94.0374 81.99085 98.71057 91.98785
89.45171 89.50215 99.55769 97.54105 90.1835
95.7499 91.70111 98.00712 95.24954 93.96832
93.42004 91.89749 91.86978 90.07463 88.90312
91.2538 92.15772 84.91683 81.99848 86.75088
90.64085 85.35571 86.62489 88.24121 86.76724
96.54636 98.00015 96.85114 90.39772 78.80097
93.23305 91.93885 90.32807 80.02114 84.98224
91.62215 93.73315 85.96252 84.76913 96.89209
94.85901 90.02693 93.07518 97.27167 91.33769
86.18147 89.66428 85.51433 90.53021 90.29609
80.23586 85.01721 73.97713 72.39553 66.89263
68.61526 62.62011 73.39638 84.3018 82.75996
88.4297 86.85378 87.37693 86.74837 85.39563
83.14731 74.39682 86.95049 86.18198 86.10981
86.7677 74.48334 79.61889 85.54658 85.64851
86.73768 97.07987 92.20913 89.36394 84.64848
80.72295 87.20037 91.26427 90.74029 89.58713
94.06089 90.88452 91.27373 92.23575 91.58966
95.33289 90.31171 88.48946 80.30638 80.39479
79.08974 83.51556 85.90876 82.48608 82.06033
80.6849 83.21427 79.83222 76.54455 79.95298
77.76986 76.30774 77.406 78.66818 86.44434
95.98731 90.03613 90.86123 90.70961 86.1607
90.79171 90.56639 91.30452 93.38275 87.09094
94.55197 88.59234 82.04425 81.67274 81.16667
90.98825 90.76339 86.0402 87.15362 84.87968
83.30109 85.05273 87.19643 88.372 92.45113
92.82322 75.71403 77.67566 86.00064 83.25381
86.612 89.59776 86.20273 89.1744 81.38784
76.76949 78.332 89.12063 92.27711 90.30359
88.35914 93.45572 91.34852 87.17907 84.0756
83.15508 90.79885 86.80047 85.55265 90.51332
90.54927 91.03207 91.15219 89.28652 89.23522
87.77368 87.4676 84.82595 79.88983 80.98646
82.7231 79.5742 84.5421 82.11249 73.96101
67.12366 69.9673 74.80291 73.97871 80.68263
77.19487 86.39986 83.45156 85.39279 92.20925
83.55983 85.52111 79.39584 75.41157 84.73394
78.54063 77.2223 71.15561 77.87178 81.29623
80.73459 80.24658 74.76791 90.71551 81.15856
84.72123 89.82749 90.40196 93.948 98.60125
95.85068 94.48405 94.65078 90.16386 88.74795
95.23098 93.13238 93.48273 91.1859 89.9209
89.44162 89.60324 92.56502 89.18241 96.04061
91.4426 91.7832 86.26276 92.57859 97.76523
94.19834 91.92572 92.92924 91.87825 93.71797
85.45267 91.19657 88.7713 89.66794 89.86491
86.25253 91.01675 95.94194 91.01889 89.8494
92.35524 96.67099 92.98243 91.97278 95.80584
95.90615 90.53812 94.71739 94.82685 84.76762
73.11628 73.37106 76.85201 83.00122 91.26714
87.64118 92.80092 89.428 90.14813 87.65402
90.19736 87.77463 92.76026 92.2598 92.78221
93.0207 87.53851 85.93341 91.41312 90.67237
89.97198 92.35001 93.50128 92.37904 91.76491
87.44578 90.8169 91.1773 92.3474 85.01399
81.72165 85.62418 84.06044 96.65157 89.14241
91.14577 89.34364 87.11924 93.19182 91.9905
94.12596 91.40609 91.75114 86.10396 89.7656
87.84489 91.45537 90.41527 92.31476 93.20517
89.83798 92.48978 94.60552 87.63699 83.56899
92.8941 89.35683 92.38345 89.76696 93.84205
95.89512 85.48897 85.89984 91.14075 94.00468
81.8476 84.63247 89.61474 95.59615 92.59507
89.11365 84.70983 90.67282 88.03425 91.55032
83.68176 87.03128 95.48263 96.21377 95.79616
89.69865 93.45679 98.2294 96.13745 95.13688
95.67118 97.18293 96.32032 98.93456 98.51706
96.59243 92.42305 93.60719 94.72194 97.78867
97.01259 93.63115 91.03571 97.3598 91.52363
89.27463 88.78819 90.00293 92.71203 93.35888
87.62207 91.78094 91.81671 88.49089 89.74838
94.79572 86.50024 83.60966 90.7665 92.4307
91.86731 94.77813 91.47348 84.81606 85.09228
86.39733 92.5864 88.57943 95.9057 92.5801
94.84451 97.32975 92.54959 88.04795 88.11081
94.68744 89.12573 83.23596 83.48346 93.1239
91.88524 86.23306 86.38556 93.84471 87.33938
82.14341 84.93519 85.37664 92.47251 87.81715
93.80844 85.87542 82.6515 81.80407 91.14309
84.07922 69.3037 76.4251 94.94754 83.1966
81.92716 80.57731 86.13331 84.45129 92.11671
84.42358 84.48714 81.53296 94.18545 91.41701
84.43471 80.05306 88.02552 94.90351 94.66061
78.20761 77.37743 87.06534 82.67654 82.83571
85.64894 84.4425 94.58183 90.18105 83.73331
84.18724 93.11329 90.57347 89.64856 84.39467
85.26848 92.13681 80.96959 82.76933 83.06606
88.06718 87.2193 88.53503 94.15442 85.82489
84.63274 85.13013 88.64014 89.88245 88.50731
86.10983 91.71865 85.41995 85.10405 85.38839
78.75085 78.03373 75.27841 80.83262 83.65967
83.62451 82.64908 82.41742 83.32984 75.52074
73.36954 84.29064 84.21552 78.28257 79.03776
79.81546 77.5635 88.56655 87.95464 92.51866
88.256 79.55522 79.56457 81.34129 84.65752
90.87306 81.98447 79.71396 80.09832 71.21898
68.63002 73.71892 80.92121 86.28241 57.73582
57.53147 74.21864 83.08509 82.65015 83.85765
86.31408 82.8435 81.49398 91.55642 83.36226
85.00633 85.42391 92.69395 85.26764 83.14378
84.00288 83.05217 84.37028 79.09801 81.15342
80.24802 82.1955 80.51374 82.62168 90.90552
97.58618 86.7601 86.91288 88.14276 87.09346
81.42993 80.00578 84.38568 87.04361 87.38053
87.49449 83.79693 93.35793 83.51043 89.08394
84.16321 90.27129 94.0047 83.45516 84.50029
91.42604 96.72579 91.90554 89.64669 87.51829
91.17057 87.23529 88.58392 91.84615 86.92957
86.05904 85.83164 83.11419 82.71393 77.14356
90.47348 86.45214 82.69549 70.84581 71.07047
92.09087 90.3511 91.82186 97.15842 90.99987
91.22052 91.6784 89.58292 90.90661 95.05176
92.32404 94.5442 90.90358 89.67505 88.21092
88.32098 83.16098 88.19429 88.90655 83.26938
84.03491 89.61649 87.44655 85.10572 84.44017
82.09217 84.56344 83.90506 89.41341 88.76608
91.28539 94.64791 92.66798 88.2454 88.01223
91.21721 89.10182 90.85661 91.94021 89.84591
87.70082 89.9223 90.5594 90.28172 95.77485
92.28285 91.157 87.67325 93.98107 86.69398
85.26853 91.3389 88.66755 90.50207 87.92289
87.71519 94.14097 90.89154 92.41662 89.76558
93.75259 90.97472 88.51969 89.51697 86.20804
95.345 91.03156 90.13084 91.61778 87.51304
94.8707 95.42479 93.57978 90.28966 90.77976
89.09362 90.36717 92.03437 95.60972 94.73062
91.25721 90.75009 89.47428 88.58079 93.76668
90.69415 92.11198 87.03172 89.26928 89.91209
85.37246 90.27527 87.73245 91.66253 94.84335
94.838 91.36204 90.09953 90.13559 95.0024
93.27264 90.94069 90.87924 89.08493 89.56751
92.44203 90.0225 86.87997 88.01849 93.26706
91.63863 88.54267 88.92652 86.83556 86.6125
93.83444 93.48735 91.67906 90.23642 91.13098
93.26516 90.85599 89.95738 91.29144 86.04919
89.55371 94.16437 89.52368 89.05909 91.89603
95.10106 93.3456 78.57802 80.41571 84.17365
85.92337 94.05634 88.79358 85.30454 92.27882
96.72363 93.48546 93.54714 85.26655 83.99111
91.20245 97.30014 96.189 85.81328 82.65316
86.8015 89.83852 90.44993 85.23663 89.64723
91.06607 91.43149 92.62005 90.9809 95.12649
92.29601 93.34311 90.57235 97.4264 92.31235
92.05107 85.47385 82.52609 75.46658 76.82887
79.84258 80.45258 79.22147 94.0511 97.26006
96.20244 86.88952 84.19084 96.775 92.11574
98.11654 97.00113 94.44102 84.19744 95.15394
93.43053 91.75322 91.02872 85.01306 79.78999
88.02235 89.75572 92.01936 90.09627 92.99794
90.74652 91.55754 83.69022 80.94018 82.38835
85.90295 69.51912 80.74604 86.87678 78.45381
86.52767 84.51806 81.76473 96.00625 95.17106
83.83305 81.01447 94.30234 88.43526 90.71298
89.5371 90.37619 89.69951 86.57695 87.74032
91.5436 88.73846 87.60785 77.30659 91.62594
78.65561 82.65984 87.49093 86.56164 85.8613
83.8942 89.3807 91.15325 91.65922 92.2188
91.13899 94.26761 78.06453 74.96785 77.33184
84.20962 89.95529 91.02485 90.29383 82.78216
80.58539 84.67654 87.54836 92.60796 83.72484
81.53195 80.60829 92.36879 89.03355 87.93973
83.44545 80.40943 86.0137 84.82906 84.83641
86.29698 85.0301 83.32267 94.43684 96.54048
89.94894 91.27922 83.72655 82.40376 91.26333
94.55391 93.49776 86.28746 86.3805 87.88817
86.59695 89.44616 74.91212 70.18019 76.35115
82.8993 80.94575 84.38806 77.61342 79.20797
84.47426 84.26199 85.36896 85.56995 83.85592
85.54741 87.64796 88.42886 89.1065 91.95736
90.68927 84.01467 77.48303 83.6526 88.80124
85.94671 83.91358 93.70429 86.3008 85.48416
87.18714 93.02167 92.57566 93.51457 84.86522
84.86693 88.62916 91.93864 93.24598 87.38698
83.81382 84.21555 85.74908 85.55138 83.75122
81.80295 85.15065 78.5805 81.6975 83.14775
82.27218 85.35955 88.24083 86.09278 90.96421
90.03776 94.52237 90.75365 88.32989 88.99247
88.63038 90.67836 89.20504 89.26265 87.12978
97.65418 99.83756 98.68596 99.50768 98.11963
97.08517 99.8345 98.71488 98.9352 99.44207
99.47976 99.20808 99.25228 98.86744 96.13431
99.84338 92.98065 95.26969 98.22271 99.73134
99.37737 94.12598 90.4741 99.49717 98.73459
99.78467 99.83756 94.8178 99.8425 99.84143
99.81645 99.84304 99.83752 98.45512 99.27333
99.78707 99.39645 99.60853 99.83334 99.83469
99.47238 99.70864 99.81882 99.58343 99.79447
99.84804 98.68318 99.64323 99.85211 99.79873
97.19072 89.51206 90.21682 99.78233 99.84217
99.35159 99.84853 99.84572 99.84535 99.84018
99.40348 99.42271 99.58766 99.77418 99.52846
99.85211 99.84893 99.84775 99.84877 99.76308
98.79122 99.84376 99.85266 99.85193 99.8537
98.38547 98.61593 97.04086 97.17857 96.27492
94.81256 93.56505 95.63718 96.0367 97.77986
99.72362 99.84272 99.21148 99.70485 97.28107
97.45485 99.49969 96.92646 98.52168 97.81367
94.48766 98.8696 97.5563 95.98427 98.68651
98.91644 94.83654 98.66573 99.00816 98.42176
97.66138 91.98315 90.8008 96.27117 97.96571
97.98598 93.26926 99.66857 99.22426 98.58976
95.55998 93.06088 99.82837 97.76575 99.58209
93.44562 92.4033 95.51875 96.13378 97.98494
97.45794 95.24216 98.65654 95.77205 99.12092
98.88141 98.61043 99.86191 98.49025 97.96387
97.39009 99.20607 96.9262 98.24423 93.90347
94.57653 95.84989 97.66937 94.33628 92.63326
91.01809 98.67501 98.34757 94.72314 92.653
98.88315 98.85995 96.66388 98.77356 98.86585
99.84573 98.50243 99.04619 99.85294 99.58691
98.74913 91.12811 96.18639 96.22404 93.2917
92.83144 98.97242 99.60871 98.37266 99.6667
98.81804 88.62813 85.91557 98.51263 99.25977
99.84978 99.84285 99.76527 89.96417 79.87497
85.45842 80.70737 89.15527 86.11033 83.98362
88.48485 98.69775 99.72594 95.55108 92.17424
95.33452 93.26668 92.3822 86.99378 94.93083
92.24774 88.25098 88.3859 91.10775 91.54889
94.75085 99.36667 94.67803 92.63694 87.57184
98.44445 94.79067 90.00517 94.78024 95.15263
89.3975 98.90845 90.0735 89.37326 94.07786
94.65043 97.84928 98.46645 88.44136 98.71801
88.75329 96.41826 91.1713 89.74495 93.14433
89.715 81.84821 79.14359 87.14301 76.80309
80.23957 86.2203 89.52526 76.52173 81.03225
89.71321 79.45861 84.35974 82.03653 90.66211
99.6793 88.00119 93.6212 88.40669 86.49455
92.64314 82.52832 88.33877 94.29895 87.62414
85.05969 87.61714 95.42248 86.64444 83.5775
88.39471 89.76434 75.58755 79.98853 59.44161
53.59209 70.95962 87.01159 83.96134 91.21783
98.77668 88.9483 97.41505 96.80681 85.95921
90.30211 92.80414 87.6052 77.85859 80.21114
81.12214 79.65402 84.08959 92.82501 89.4381
93.26802 85.18617 80.79478 90.22671 90.96672
87.09347 91.24773 94.69746 90.2672 94.9311
92.58408 89.95159 92.0009 95.17829 93.49105
91.78053 92.90652 96.55989 97.36381 96.76947
91.73624 97.80859 96.97815 91.01849 80.08007
84.68321 80.13688 87.51562 78.41451 77.1881
84.84089 78.99814 67.82913 77.69701 85.05452
85.3738 84.21389 94.44865 92.78208 89.69055
90.70022 97.64191 96.64149 94.99205 85.9086
91.47549 54.74633 4.919443 6.466085 7.088926
8.793199 9.792157 8.88585 8.809979 7.829984
6.989912 6.701967 6.376003 5.907396 5.921101
5.640987 5.521084 5.304067 5.431342 5.273524
5.35754 4.938808 5.279561 5.288716 44.74059
98.8302 99.65942 98.70845 95.70135 91.80609
98.81621 91.6961 94.37352 92.09666 98.59135
97.32585 99.82116 98.8698 98.88487 99.84237
95.99844 99.8461 98.63877 99.65326 99.83013
97.94029 98.52614 99.83584 97.53093 97.78992
99.68867 99.82659 99.83067 99.75999 98.9454
99.68244 99.85411 99.78223 98.39797 99.86465
99.8674 95.9112 98.61765 99.66172 96.80823
92.92037 93.88139 91.29693 95.19361 98.36907
87.02252 99.37251 94.51406 99.42753 96.04335
91.00015 94.68598 97.17716 99.86293 99.8664
97.07097 99.86586 96.78931 98.94843 98.09695
99.87173 98.70643 99.87226 98.04124 99.87424
99.86906 99.8683 99.08468 93.82508 96.63512
97.23063 99.86593 98.94716 99.86993 99.28425
99.87619 99.8736 99.87308 99.86579 99.10979
97.73135 96.64106 90.32997 99.30561 97.78846
98.60199 99.21266 97.59811 97.81185 99.54386
99.87243 99.87314 99.8714 99.87298 99.56876
99.25931 99.87294 99.82465 93.89678 97.06496
97.09123 99.87255 99.82088 96.69417 97.69769
96.08863 99.23141 97.98786 88.15644 97.70955
94.62528 97.70286 98.49163 99.87162 99.74578
99.87182 99.85706 96.33197 99.86834 98.18501
99.43786 96.60835 95.78177 99.21523 99.16097
98.47151 99.18176 99.86309 99.86572 99.8589
93.97402 99.21137 97.51545 96.70483 87.42913
95.94795 96.76525 90.58401 97.22486 98.00103
98.05755 89.7262 92.81813 98.01653 97.56746
96.69124 95.57468 91.62829 98.02194 98.79076
97.43428 99.39813 99.69038 96.60518 99.68449
99.57279 95.89206 97.37859 97.9346 98.57199
79.86596 85.8675 80.9042 82.32639 81.75769
81.90821 81.97192 82.64765 81.87882 66.61089
65.89642 91.51918 83.1138 76.56698 61.65407
72.60569 90.7072 85.39286 90.83738 87.34658
91.23852 94.54423 87.00854 85.84808 81.22756
86.93463 85.14446 92.28674 86.7848 81.5351
85.65792 92.01498 91.2366 92.35394 97.72685
97.49836 94.84935 88.74246 94.81479 80.56892
82.15477 87.38976 84.69213 94.04201 96.655
93.29981 97.10358 88.49555 89.88317 92.32786
97.32961 88.44313 76.17113 85.75882 85.12896
87.41189 87.1455 90.9684 91.8517 87.67915
85.49519 76.9158 97.41432 97.69716 97.09263
96.51876 91.3158 88.65981 86.09884 86.00747
81.70891 70.02531 73.98499 75.77727 67.68735
69.99618 79.97151 79.09761 87.39754 83.39641
77.82166 80.58445 90.85161 94.62033 85.92927
90.4733 83.00169 89.54832 99.27259 96.83598
90.57775 80.63905 81.30248 95.13796 76.31065
64.36984 69.70837 78.11991 74.1262 78.52297
83.57933 81.73151 83.79988 97.21343 96.24088
96.1138 84.10435 88.71302 83.28458 96.52576
91.27568 82.35604 73.185 83.00791 97.60107
96.59871 96.9932 89.59879 99.85225 99.72587
97.55697 97.702 99.24441 98.32031 87.10095
83.43636 86.915 96.11026 83.39224 86.92029
86.76866 80.27689 87.02205 83.79015 80.37905
78.41415 70.33224 80.63726 87.23468 86.4263
80.81455 81.72835 84.84537 90.82744 88.98312
80.42403 79.82673 86.38834 84.69293 92.27134
85.14966 90.53646 92.45377 87.86418 77.43259
70.56973 63.74881 58.05511 55.6245 57.91648
61.47936 64.25231 68.31174 52.48581 54.77565
68.9737 82.17736 79.72865 93.20802 95.2239
97.19441 98.57544 99.78211 95.96657 90.19986
78.20718 77.29104 78.9409 72.53455 58.70679
57.99007 64.75724 54.34215 57.78315 54.39738
67.11322 77.60666 78.25725 71.21379 80.09005
90.90982 93.72598 93.10956 93.41508 99.39514
99.17476 97.58214 99.58186 96.72717 91.70639
89.07813 94.80499 99.42123 91.21641 89.848
84.18663 90.10276 98.11968 93.98433 97.01196
99.85738 98.8816 93.62641 98.0587 97.77201
89.75302 94.91623 93.63478 96.18653 99.86239
98.68236 98.81961 97.86763 99.3952 99.34143
99.86432 99.05874 99.86964 99.86878 99.30349
99.86348 99.65382 99.86635 99.86637 99.86473
98.93056 99.70189 99.0542 95.8349 91.63168
99.85201 97.9172 79.89741 95.64684 90.47609
91.32728 99.13083 99.86523 99.71675 99.86942
99.14636 98.11165 98.95412 99.35889 99.86568
96.76885 99.83815 99.60227 99.81458 99.87613
99.87562 99.77012 97.0656 99.78512 99.83023
96.63709 95.30835 93.11941 90.27062 95.09428
92.11945 97.83243 96.38894 97.3229 97.31341
95.78457 92.78097 93.02783 96.91349 93.50945
95.90326 96.88889 99.86339 98.58772 99.81301
99.86238 99.00355 93.92494 94.07147 93.30729
95.4247 91.918 97.96814 92.23708 86.81283
92.55782 95.70438 96.26066 93.94321 89.5939
93.91547 92.10589 94.51466 96.62342 95.00039
92.31042 NA NA NA NA
NA NA NA NA NA
NA NA NA NA NA
NA NA NA NA NA
NA NA NA NA NA
NA NA NA NA NA
NA NA NA NA NA
NA NA NA NA NA
NA NA NA NA NA
NA NA NA NA NA
NA NA NA NA NA
NA NA NA NA NA
NA NA NA NA NA
NA NA NA NA NA
NA NA NA NA NA
NA NA NA NA NA
NA NA NA NA NA
NA NA NA NA NA
NA NA NA NA NA
NA NA NA NA NA
NA NA NA NA NA
NA NA NA NA NA
NA NA NA NA NA
NA NA NA NA NA
NA NA NA NA NA
NA NA NA NA 74.86717
79.69902 83.03356 83.767 76.33871 83.96614
75.98207 82.65167 89.61381 84.97169 83.63797
86.619 81.69276 79.37635 74.00694 76.97951
80.5022 86.43399 82.75411 78.18325 85.01815
94.26986 88.39025 74.63925 84.46989 87.15808
91.56045 96.19744 86.23362 90.86493 93.5179
92.58649 93.78683 98.46943 85.32734 91.21286
89.96491 86.75126 81.11066 87.24141 91.08717
80.87652 80.93733 88.57596 92.64881 90.40347
88.82738 95.52669 91.04087 88.23477 81.35615
79.55778 84.58928 85.21526 88.10976 87.39707
85.78445 83.35314 86.34104 95.65236 92.66581
84.04788 91.68406 97.7692 96.5858 98.27944
83.994 86.64376 92.79527 84.99991 94.77783
95.81431 98.25875 94.53859 98.16413 99.50143
98.68229 96.56874 97.87099 98.06924 94.51489
88.3483 98.38275 99.87029 98.25804 95.87276
99.03703 91.79706 86.96488 91.557 83.33843
80.97206 83.00365 88.91073 77.62938 65.98843
68.62093 62.23676 67.02214 53.88074 54.9997
59.79705 62.68222 69.345 79.31914 92.24498
76.47814 66.74287 75.64029 71.60132 72.36767
83.26134 86.75828 91.65241 90.39108 93.35401
96.9954 98.4258 99.80391 96.83973 94.23129
96.24611 95.24487 99.38346 99.59049 98.92717
97.40908 99.42703 99.64787 99.72027 97.37461
97.14981 95.21033 64.52118 78.86634 94.17059
95.19378 93.92759 95.93936 95.57833 97.28038
99.11463 97.37405 99.16919 99.86704 99.75477
99.19903 97.25093 97.1505 94.47744 97.09896
83.06318 74.54482 78.03698 80.47584 81.36402
72.7141 73.80359 72.546 81.42725 76.2127
75.49076 78.41353 80.54611 75.42249 73.52141
82.23006 87.67012 95.13538 93.89512 97.78584
97.76427 95.89729 91.6567 91.67087 89.09866
91.54505 95.1455 84.14469 85.14032 82.64827
81.69778 77.53772 79.48732 72.93992 79.03551
81.81536 87.54778 98.04064 96.16172 96.96638
94.74429 78.61839 77.74369 75.08727 80.4413
86.63548 83.92768 81.87515 87.08452 89.76116
81.05161 73.8892 83.16098 84.81593 87.12111
93.41298 95.55631 83.46997 81.5741 90.69513
93.65466 89.69308 87.51153 83.92868 88.56759
80.36646 76.05467 74.89852 76.98002 75.40067
81.21181 88.06508 92.42864 87.26783 88.39224
98.68237 98.26913 95.11929 92.26754 91.83405
91.4536 86.09551 90.73056 98.24299 95.86669
91.81029 95.27015 95.19009 97.79514 97.93067
87.35166 86.57453 79.77716 87.86588 93.73116
81.75365 81.24342 82.7267 82.70424 79.99502
80.22276 78.14563 80.01719 83.15015 87.27975
92.6264 90.32751 87.14227 90.95934 91.79784
87.95321 84.82108 79.53623 77.66117 79.06607
81.94629 76.40095 79.98339 81.90925 87.43676
89.86689 89.32193 92.34009 90.24509 82.58718
83.12937 77.60901 78.31604 78.88294 79.25034
80.41319 82.70607 90.82029 86.62939 84.57463
90.56117 80.48801 77.48708 73.80555 75.99186
78.86824 76.35813 85.53222 82.93406 88.98576
80.57869 80.09704 86.51066 93.29378 92.84351
77.04046 74.36428 70.9985 76.39036 80.51893
80.32127 78.42482 82.49118 81.21857 78.58873
83.80501 75.33919 78.57487 78.39874 80.04623
67.98546 72.62939 79.29296 76.91726 75.89346
77.44804 82.1721 71.62305 77.13617 77.97973
76.82572 71.68328 68.78932 73.30815 72.99312
71.89171 72.48148 75.43186 68.7114 76.5181
83.99858 89.02422 88.53931 78.54681 75.97635
75.09589 73.64082 84.30165 71.51764 61.63373
75.0348 74.65558 63.85944 81.74107 82.33768
79.35003 79.78105 84.59753 81.45576 71.13554
71.26854 69.05273 75.95713 75.88924 73.19254
73.8717 75.30669 66.34848 68.97579 72.19968
65.48466 67.72232 60.70446 64.89864 75.36581
84.06184 70.17609 72.88749 70.84754 67.55863
75.1102 74.48299 74.91237 66.73889 59.29708
68.8655 70.40105 67.7067 66.28644 67.59105
73.45532 70.15161 69.61313 69.50261 73.31673
72.3162 70.32887 71.04985 78.61344 70.35689
65.20989 62.62945 68.46803 68.66881 70.42091
69.49208 65.81329 54.98026 50.69365 44.82359
40.36911 38.0424 51.72747 66.05506 67.80108
70.72781 67.99001 68.69346 67.38989 68.36064
72.35558 68.29052 68.99429 69.15917 67.98995
70.48756 73.58839 81.5424 78.77129 75.22094
74.79119 83.97396 75.15926 76.0104 69.37597
64.64197 82.05928 81.18183 82.41831 85.81335
95.25249 93.32385 90.20047 78.05928 75.03523
74.35292 73.08329 66.31377 69.52113 81.49039
69.60577 73.81726 72.40127 71.98059 70.05427
76.2575 87.56945 89.03195 90.89395 92.53905
78.65053 54.44123 47.17009 62.68874 89.50368
91.48535 86.36327 89.95636 79.51474 73.86315
77.6018 75.52049 70.99078 78.42027 83.76634
93.02491 90.47034 89.90245 86.43347 85.2209
87.65282 92.84662 94.68045 87.21317 89.54194
81.53442 88.94011 77.80652 74.77307 80.09534
68.74801 54.99144 65.70313 71.36641 76.97801
72.52898 84.54282 80.79417 75.36133 69.92479
64.85898 66.09284 84.78343 85.30645 77.49185
70.40535 82.82079 79.26662 73.66399 72.29767
77.14056 75.02155 78.4137 72.81165 75.14019
73.16835 70.21014 72.09709 68.90679 68.51183
80.45117 75.90879 82.93131 78.9277 85.7147
85.70458 87.21156 90.28876 90.86804 91.58929
91.69043 97.70681 91.33536 85.97106 71.02834
77.15019 84.61575 92.79102 93.11874 96.21549
91.15177 72.2139 57.79813 70.14545 94.88835
85.27821 73.62245 52.37894 78.63996 87.07568
80.47261 73.0462 79.9946 94.77492 94.2259
83.48214 76.55343 70.21932 84.22012 87.78283
79.85559 80.96035 74.97153 71.92187 73.19897
76.87607 69.93646 77.90034 74.51048 73.38846
74.44348 87.1723 96.1863 91.15886 89.79568
90.86248 94.84065 91.28889 86.44462 82.30249
83.8734 82.01507 90.20554 98.90238 91.78205
99.43378 91.39241 89.27971 89.78832 91.55943
92.36087 95.09415 94.97256 91.68923 79.93983
82.80423 78.54942 78.91688 81.25238 82.91804
79.06663 82.24168 80.27922 78.24571 74.70335
84.10969 87.26824 88.62353 91.18008 87.55366
88.64322 98.09812 96.5971 92.29184 91.59514
90.5706 80.43327 76.80068 76.77173 82.7306
92.32537 96.34303 93.17797 90.867 89.90879
84.3135 89.78528 82.72439 81.86992 77.32085
76.01937 78.50305 76.19997 85.32013 93.72847
91.29083 88.27743 89.5322 97.54547 91.53349
85.22842 92.31876 92.63724 78.57614 81.18115
85.83133 91.11889 87.94372 91.47356 96.58067
96.85184 91.98435 79.78374 75.23199 78.03153
76.8652 85.49749 84.89579 80.97707 77.61718
82.82934 73.13855 77.10095 72.75509 78.6313
79.06975 79.67014 67.44609 79.18054 93.47534
89.34019 88.30999 89.50588 97.41504 91.23068
83.22959 83.42621 89.5676 84.52229 81.27585
71.71494 81.94852 77.56888 81.82913 82.83459
78.2941 77.14141 82.98006 78.26977 81.41974
79.99585 85.08012 83.25083 81.36444 78.24372
86.47642 77.62274 76.81082 74.93277 77.02289
71.83432 69.92075 74.10784 76.82381 79.52282
74.75842 86.95874 76.82571 73.59347 71.73247
67.73015 71.97998 73.08142 78.06156 79.39884
76.12727 75.63177 70.64658 74.57967 72.80733
77.29777 75.07763 78.92424 76.05603 76.54358
73.02945 73.18272 74.27739 69.15324 74.45807
79.59027 78.93759 76.20667 72.0682 69.09502
72.38945 66.73287 64.83251 68.5858 71.58076
73.06383 70.50495 66.6768 72.82314 68.8049
56.09262 65.2751 65.7861 69.09732 66.30238
70.75375 70.32462 65.50808 62.57002 71.78729
59.19457 47.85737 60.57831 71.60377 67.97277
68.01445 72.54439 77.46028 86.69478 78.50437
76.13864 69.78898 73.75633 77.14708 70.82327
58.73706 65.97503 66.01665 70.08214 77.16919
64.79383 77.93001 84.11941 73.62723 69.23816
67.46722 71.13122 85.01217 77.06897 66.39611
67.63107 72.10999 73.14666 74.4843 68.96201
71.42702 73.85321 76.4739 89.64274 87.73599
83.21721 70.18299 77.43492 89.94551 89.35513
94.35252 87.21027 87.31637 87.68688 92.84578
83.57939 84.63803 76.02443 74.59902 78.67364
69.9409 65.02175 59.28159 72.89025 71.10491
79.36761 87.35013 85.83617 88.31441 75.94164
41.63105 53.51993 69.76601 69.24484 75.36109
68.10065 75.45775 81.71392 68.21229 66.90539
71.11851 81.85673 83.56514 80.15393 85.62418
96.23789 93.98027 95.21615 90.13872 78.72382
66.58213 62.17223 67.03187 79.17937 58.01251
32.42268 52.43897 64.42173 64.02949 56.62281
79.95113 75.52865 77.24686 70.06574 71.30065
66.69128 88.71374 93.16566 89.25243 89.89088
89.165 90.22061 90.11966 86.35441 71.22727
52.34471 71.33011 83.63274 90.54953 93.59874
88.74874 82.58337 88.12388 90.54697 85.92341
88.66255 74.492 65.31923 82.20491 83.25018
87.49132 86.08689 87.83516 80.82272 85.87045
89.88528 87.30131 85.59165 84.70342 89.88824
95 87.49833 89.20235 94.20127 96.02031
96.04716 88.68401 92.07651 92.16983 94.17625
90.78011 84.98689 82.04107 63.32208 79.82449
99.16472 84.70311 93.48815 64.37948 59.08718
85.49286 83.07272 77.88922 78.3232 78.84746
91.20894 95.03939 92.07393 96.20944 90.49967
80.6567 78.54126 81.01392 79.94417 91.65448
90.17517 94.36946 94.59341 93.07428 90.7693
87.64985 88.26011 89.06059 93.43761 81.9297
85.83694 95.2047 91.89388 95.21123 96.1719
96.4247 99.36348 92.58454 95.53428 97.88843
96.64838 89.59308 94.00675 89.86403 87.92798
85.48869 92.44664 95.79183 98.59253 94.94927
94.20705 96.40255 94.82093 97.98339 94.10163
86.73188 88.85913 92.30137 88.39031 88.12959
89.07147 89.47231 94.60027 98.71544 91.70742
98.95711 91.55697 91.36975 96.39679 95.69899
97.54564 87.86138 87.46797 85.4509 86.66437
81.05321 86.25176 87.93134 96.78519 98.88944
93.44054 94.44885 92.34472 80.88612 77.36966
76.6043 78.98931 82.69928 93.55104 95.28628
95.9299 89.72036 82.77387 84.90271 88.03317
94.13143 96.56611 89.66194 84.2065 84.643
84.64642 80.4667 79.43131 79.47493 89.63146
90.19012 96.47328 99.5329 97.66191 97.48522
95.59395 98.17777 97.69722 93.42521 91.11153
89.69489 90.6955 92.1213 88.66801 92.76012
90.11322 94.13733 94.95777 84.62381 77.58488
80.24675 81.24746 74.10321 71.86221 75.51032
77.98173 81.39084 77.48612 78.39057 82.12715
79.28744 77.22067 65.66936 73.33733 94.919
90.53952 89.29506 91.76307 91.83307 83.15677
85.62197 80.16375 80.57149 87.7343 89.21256
83.68033 92.22191 83.26084 75.59006 74.32665
73.34729 73.42085 85.97429 87.59041 88.55956
85.67638 73.06232 67.42601 75.077 77.92983
76.05983 74.90759 75.11052 74.48434 69.92233
68.17606 59.59253 60.31594 43.8808 54.94479
75.0591 73.68942 82.5692 77.65185 79.15406
78.44436 78.3171 65.34669 73.13843 71.36383
78.72678 82.66874 80.2093 69.95085 76.07742
77.45424 75.26652 74.35241 72.97624 71.43635
72.96932 69.34415 72.6255 70.09656 76.26326
83.8923 70.50574 72.3808 83.66281 79.01405
72.84231 60.70967 66.78053 72.21878 73.50219
85.54731 83.4838 74.15613 76.83697 75.35982
72.6951 71.9661 76.56926 79.3826 81.90642
80.55011 72.72154 74.19329 67.46974 69.33265
69.02146 69.36697 65.94209 65.34147 73.15823
70.41057 78.29129 87.31093 77.60266 73.7461
71.56135 75.44098 75.70009 72.10745 73.83374
69.96135 70.35277 53.18728 50.77729 57.61605
66.15505 73.17047 73.39484 72.71235 73.21765
76.15611 80.53651 87.36625 86.82022 83.73459
80.09444 86.46692 98.70113 81.18839 79.28589
77.1253 81.74697 82.74182 76.35223 73.08207
74.02044 76.20087 72.91427 71.60144 71.72544
69.92082 69.27187 67.05594 72.43571 87.37185
85.32256 83.48416 89.50045 87.1665 89.17182
85.17147 95.63377 53.25672 58.19229 60.53611
83.50601 82.45143 80.13315 69.21952 52.68982
57.26954 65.61737 63.06772 65.8704 65.92465
73.75681 74.61965 80.62508 88.71257 95.34122
94.28484 80.79028 66.61284 73.31025 78.62116
83.73676 84.5465 94.13968 85.56585 83.28311
82.3934 80.87098 85.01524 82.80787 91.37989
95.05056 93.23884 87.78803 82.79013 81.74665
75.89218 73.96878 84.75153 90.79058 92.54079
89.51467 76.32816 54.19455 75.29266 70.32134
81.60794 82.20891 72.65173 75.1275 85.94478
93.50974 86.23838 82.1744 87.88634 98.29283
99.76399 97.35604 95.64715 93.88664 89.61128
78.7817 73.94786 75.01531 83.93023 78.03393
75.97015 74.15721 78.02681 88.79155 87.10635
81.38094 77.31098 79.47853 75.79716 77.55399
73.44646 79.8755 87.26082 83.47716 85.64956
83.05268 81.65522 87.5204 81.27199 81.3539
79.66018 80.38553 81.96355 81.15591 80.2917
82.74879 81.12155 78.13371 80.61098 79.6348
77.26836 71.51731 76.01453 84.75299 81.73542
80.89294 79.85962 79.17112 79.1467 82.40502
85.91391 78.61045 72.30968 74.4181 63.1602
56.5642 66.53233 74.87985 75.24961 77.31123
80.15492 78.82448 76.41304 80.81835 79.13494
79.79246 81.97572 80.7421 79.13899 81.58382
86.40821 83.02595 82.92859 83.88509 80.74898
81.55683 82.05711 81.68269 86.57879 80.47282
86.69421 93.03651 86.92182 85.78644 74.32434
85.11024 77.00164 79.00834 83.2699 82.29819
79.41398 81.69072 86.43639 83.70331 85.39133
83.81417 90.57393 82.45922 81.39101 81.90148
82.45739 84.65497 82.00914 79.15371 81.08853
80.53486 84.67711 79.94521 82.02104 78.41515
83.80397 83.73604 85.96445 81.95459 78.57703
87.26058 84.01465 84.64191 83.47076 83.88705
86.87457 84.22949 84.10664 84.21789 83.2651
83.28701 79.75606 77.46515 83.68206 86.93702
85.11232 85.20095 82.54579 80.29926 79.74566
89.86208 89.20176 88.20226 87.20113 85.64754
81.80813 84.62499 86.05605 80.97835 83.80219
87.59463 80.09697 86.43244 82.76183 83.89176
82.99238 81.55494 87.92991 86.88021 82.85812
85.44213 81.19119 80.01804 83.67739 89.25051
90.14502 87.12035 85.84942 87.79346 84.12705
83.94431 80.94943 82.46025 86.27295 81.37275
79.41284 84.3824 85.94252 85.88675 83.60122
87.2542 85.58107 83.08378 85.29435 87.46019
86.57092 83.11749 75.72212 82.34435 80.0199
81.02801 79.20216 80.66282 74.83713 81.8151
83.31972 86.97603 84.82636 81.15141 80.45254
84.16017 81.94431 85.90483 74.82732 75.64346
83.49665 81.84416 75.51723 89.34504 83.80641
84.03405 80.88858 90.0115 86.85811 80.2237
83.34489 79.62764 86.93885 85.68052 84.67168
82.97216 82.89915 80.60187 80.54778 78.95008
79.57803 81.039 74.88275 74.38288 77.72495
80.71728 75.49911 77.08086 78.44772 74.82276
85.71934 85.76118 84.54076 82.54239 73.92719
80.03797 81.11335 80.58411 72.1842 75.39057
82.18884 81.78763 76.07274 76.83005 83.50289
78.24332 81.13475 79.8744 85.46093 83.10165
75.99655 77.82046 78.77934 78.66034 78.47727
71.13839 74.78211 69.42541 69.67214 66.16217
64.84553 65.3978 66.25415 77.45441 73.88307
80.88739 79.95718 78.45152 80.38435 74.7885
73.30738 70.9644 74.93195 75.61593 77.42074
74.16581 69.58503 72.44204 75.18584 74.42277
78.08779 84.4765 76.20125 78.26877 76.91826
73.11456 74.61397 81.95653 81.18477 80.69367
88.01102 85.82615 85.76113 85.67226 81.58823
84.46323 82.6029 80.38749 73.07368 73.6689
71.90162 74.41478 77.70986 77.45264 77.6674
74.24541 78.83012 72.62039 78.56094 69.06211
66.03773 63.10024 56.34364 65.23689 82.9677
91.46167 85.34495 83.34487 81.589 80.02009
82.44317 82.55746 80.26091 81.84591 77.83539
89.83987 82.59524 74.92607 72.63055 73.73906
80.54232 83.80225 84.71325 82.26672 79.61579
75.3018 81.32778 80.19767 79.3336 82.32271
81.38935 70.69383 73.00555 78.57971 74.81579
76.41145 79.03857 78.5483 78.25791 72.91207
72.60843 70.96113 81.33683 85.18775 81.87423
81.84519 82.32312 81.11123 78.30094 77.84475
74.41624 79.54463 78.00299 75.67736 80.65997
80.4938 79.94935 79.28095 74.95163 76.55146
77.68759 77.53761 72.73594 72.45095 67.79155
76.33925 72.1956 74.40411 74.78323 68.40145
71.64331 79.10952 81.8102 74.32545 70.29511
70.31028 77.40841 73.80585 76.20572 84.39123
76.74203 78.0793 75.0378 72.71898 83.85013
73.30104 70.60124 62.66039 74.53363 73.23765
65.74058 73.54024 71.29505 83.77803 72.74167
73.65325 80.90978 78.81276 84.01117 90.02659
86.27799 85.76629 87.61268 85.07227 80.21182
83.86988 84.74787 84.72154 82.90625 78.56332
82.19888 82.12328 87.67842 83.68708 88.98072
86.05804 82.75692 77.39145 83.33347 88.02832
89.40959 84.56433 83.71045 87.24257 87.3233
81.9068 88.83697 83.13195 82.2169 81.11966
81.11345 85.92116 90.06634 83.89725 81.95459
83.17732 89.3781 85.29176 84.66487 86.15633
85.53228 83.10994 84.28412 86.06982 83.01854
88.91571 87.50125 84.87608 82.52334 86.68614
83.48005 89.04147 86.4399 92.8782 82.41764
85.58951 82.345 86.23683 85.9806 84.97517
86.92488 82.33793 85.62143 88.10589 86.24166
83.22354 86.27185 86.9138 84.24478 85.58831
81.9186 82.57895 83.4044 85.23641 82.25593
76.55857 77.73604 79.51142 90.84541 84.03825
87.23651 84.73574 80.95414 82.812 84.8376
84.92688 84.94784 87.37601 82.93409 85.64785
86.52421 84.32795 81.11542 81.4158 86.07802
82.11317 84.74847 85.92327 80.45022 76.4647
86.22197 81.47545 82.81226 81.76513 84.82288
85.47046 79.70742 76.85623 80.75956 88.0417
80.84286 83.1092 84.34225 90.95745 89.47456
85.60126 82.29846 86.54227 82.6509 85.72854
79.53025 84.22932 87.67021 86.5576 86.31402
83.16649 83.54116 88.32344 87.03814 87.27487
86.43484 90.34837 87.4328 91.66755 87.22638
88.47496 83.21158 81.17577 81.7417 85.6435
84.01573 80.93168 82.43853 86.09937 82.84196
83.07824 85.36056 81.84063 83.21484 82.72877
78.21333 79.57343 81.37662 81.86188 85.73057
86.18448 81.11589 77.80221 81.9649 81.97242
84.17005 85.25319 85.4942 81.45094 79.47181
77.68421 84.20248 81.77705 85.62665 82.0276
85.49749 88.10565 83.15998 82.32675 81.29244
83.65129 79.21608 78.02505 76.2181 82.9215
83.11622 80.84732 78.34365 82.49048 79.23166
76.65801 78.23306 75.11358 81.96422 78.61457
82.33034 77.54461 77.50984 76.61703 78.91522
75.7388 66.84836 73.30179 84.98958 77.2172
75.8313 74.42887 79.32612 75.77848 86.24584
76.3018 74.27183 74.19494 86.29271 82.90443
78.0334 73.6162 75.73737 83.36031 87.59643
74.34849 70.06445 83.03915 80.01671 80.32302
78.50018 79.22228 89.9098 84.30983 79.7557
75.23571 82.98889 81.78841 79.63489 79.25893
75.4113 81.49668 76.63482 77.75733 86.50013
86.03456 82.48968 82.22507 82.99352 73.66905
73.50821 79.63171 82.64922 82.37577 83.94117
78.17913 83.81564 79.96698 77.89318 80.2782
74.58916 75.68994 72.75817 75.6609 76.68529
77.30843 77.65805 79.00498 72.69342 59.23547
53.58824 74.1473 80.0334 73.81861 76.69012
75.73313 68.07198 81.49412 82.23207 85.2477
80.70246 73.67655 71.00527 75.33284 79.1135
89.51349 79.32694 70.1394 66.30317 57.52041
52.34893 58.84822 69.52692 69.47595 50.04729
46.32847 60.7581 71.31727 65.04455 72.19281
76.36749 75.20981 75.02335 80.4162 77.78576
78.99897 80.26711 85.41528 80.84906 72.85851
80.46574 80.46574 80.46574 80.46574 80.46574
80.46574 80.46574 80.46574 80.46574 80.46574
80.46574 80.46574 80.46574 80.46574 80.46574
80.46574 80.46574 80.46574 80.46574 80.46574
80.46574 80.46574 80.46574 80.46574 80.15048
69.95733 80.46574 80.46215 79.92785 72.37218
80.30665 80.0303 77.3676 80.20565 80.46574
81.74932 75.12384 80.46365 78.15618 72.27992
80.46286 72.84579 70.14375 67.98485 66.99201
76.77835 76.51163 80.46574 79.2952 80.46574
79.66952 77.18924 80.49741 79.77078 80.49109
78.81657 80.48068 80.57276 80.61645 79.2226
78.06623 78.84645 80.50831 76.40226 73.14548
74.88609 68.28766 77.10444 70.61743 64.38096
68.43442 78.3462 75.50194 75.55204 72.41403
71.52572 71.51651 71.696 78.52187 75.10859
74.7414 80.80405 80.46574 80.46574 75.13304
75.92048 80.46574 76.92328 NA NA
76.70353 78.99633 80.46574 80.46574 80.46574
77.77193 77.99223 NA 80.53538 78.95837
74.30938 74.74234 76.49627 77.45328 76.10398
75.81108 80.03063 75.88913 77.80969 76.15769
79.67297 77.37035 76.21258 76.82284 76.15768
80.46574 80.46574 83.10257 86.36989 83.46112
88.81792 87.34593 86.95508 87.34563 86.99925
81.19959 80.46574 80.46574 80.46574 80.46574
80.46574 80.46574 80.46574 82.0349 85.66131
87.27328 84.7379 79.94473 80.68879 83.88171
78.84597 84.03075 81.60444 83.28017 88.66434
86.73704 83.87871 84.73986 83.08463 88.28042
86.46904 86.5701 86.08626 83.87845 85.03387
88.33153 84.8073 82.25455 80.00792 85.69254
90.16135 83.69016 84.17705 82.74173 81.49325
88.31927 88.46092 86.64188 84.03076 81.73243
82.58851 82.74596 81.7107 84.8781 82.49497
82.81772 86.67363 83.62261 82.83663 85.14348
83.01091 83.77269 75.01378 74.21643 81.96658
84.88932 88.54066 84.24351 76.47719 85.86102
88.29165 86.90076 86.67899 81.93912 78.85675
83.30021 89.57446 89.5192 82.614 79.38019
80.22661 83.81206 84.7947 78.86225 86.01212
85.56684 83.49801 83.4452 83.36685 85.24919
82.91077 84.24454 83.5153 87.94417 82.82287
79.03511 78.30999 77.57732 74.48708 73.85253
73.52855 75.3025 71.19274 84.89367 84.54171
87.11143 75.74499 72.3096 84.60232 79.94124
82.89981 87.53584 86.90906 79.24518 84.52209
84.25048 84.33996 81.0601 76.61853 72.52079
78.73718 80.30659 82.11167 78.95189 81.08205
84.94075 81.01207 78.55283 77.81477 80.57948
76.64395 66.17444 72.28826 79.33775 70.66928
77.76655 82.84938 78.59937 87.35311 83.40837
76.98616 70.71604 85.66174 81.57037 84.98013
85.69656 86.6528 80.35191 79.80359 79.93795
81.42942 77.94227 76.36928 70.92389 80.82831
71.75748 76.60842 78.41788 81.3611 77.80638
75.27852 81.33387 81.45423 80.04996 81.98964
80.22776 83.58082 72.7194 71.53474 68.72935
78.38858 83.09312 82.12107 82.24963 77.51022
73.98241 77.32334 77.05266 85.67988 82.05916
74.59856 72.66288 84.9246 85.53484 84.55066
79.51692 79.02119 82.64418 77.95564 77.07269
77.17928 78.14144 78.95268 83.39481 84.58074
81.20322 80.73072 78.66606 77.19977 81.8457
85.30128 86.86088 81.92832 80.68653 80.51852
81.32121 81.02597 65.37083 63.47567 67.0755
79.59729 75.26328 76.31847 64.76859 61.96652
74.37989 75.30321 66.12882 66.401 71.06455
80.08171 78.01085 79.86711 87.53281 87.74039
78.70074 66.00349 61.35862 64.80784 80.14971
82.03632 75.73286 89.59095 83.73491 78.10373
79.97009 83.37185 83.92377 83.31272 79.38905
78.10426 82.77851 85.80508 84.95069 80.7765
79.20787 75.4887 76.69485 76.83271 72.7688
72.40008 76.24602 69.06861 75.62649 75.63679
74.12722 76.04093 76.2187 75.25345 80.76631
80.39336 81.34234 77.98906 77.57966 81.527
86.91116 84.06362 82.85958 82.46126 85.80532
87.51108 92.0625 92.15003 95.57172 94.18236
89.44647 88.97026 89.51106 98.93564 98.25097
97.79398 90.91997 91.87014 85.7923 86.31223
87.56299 89.92606 93.8214 93.58172 93.01715
91.91915 91.91465 94.80293 89.80762 92.36033
88.31224 89.8906 90.70192 94.93457 94.83229
95.71027 94.16551 94.5496 95.51509 95.81923
92.53952 84.66795 87.7173 93.48992 89.45897
84.73347 90.95046 91.92298 92.38146 90.59691
92.46843 85.79791 77.42968 81.37634 80.82521
62.67895 69.56122 86.28794 84.77331 86.30235
88.21129 88.37857 86.82917 89.85269 86.00822
87.23588 90.12086 90.29877 88.32159 93.29711
98.61346 97.31375 97.24815 98.16479 95.37637
92.53777 93.60741 94.80601 96.29235 91.33005
92.84957 97.14597 93.20652 97.24157 88.85534
93.50132 88.59401 90.05943 93.58808 91.50452
90.7215 90.39347 93.12744 90.74267 89.64125
92.70666 97.05821 89.51099 88.96738 89.82681
94.265 96.20647 91.83617 89.92306 90.46115
91.92406 94.33357 88.43066 91.75403 86.69409
93.83113 91.85761 94.27329 87.76621 86.86
94.03751 94.79364 95.52935 90.99451 91.21181
97.86881 88.04094 93.93657 94.36282 95.08585
90.47217 80.6777 86.98013 91.36945 95.5118
93.4207 88.37108 89.97578 88.53387 92.76513
98.75974 97.62749 97.17358 95.97783 91.20614
91.79307 93.76574 94.58313 89.26532 87.5666
92.42121 89.10386 90.96484 84.79746 91.38283
91.80262 88.90915 95.05228 91.519 90.20086
93.0014 90.27668 89.41035 88.79326 89.97121
91.64066 92.89354 93.76121 94.63477 90.48603
93.6369 91.00524 96.68442 97.22662 84.33519
89.80264 94.90896 95.56486 90.2103 94.87868
93.44127 92.64127 91.0742 96.64038 97.48919
98.0542 97.04565 94.4778 93.63025 92.6783
91.44286 87.37307 95.0075 86.09333 94.79314
93.94255 94.51438 94.59011 95.49263 91.26426
97.21575 91.95603 93.79988 78.14492 73.46568
88.69222 95.74011 85.41909 94.47162 90.27758
88.57625 90.71569 95.56511 95.44054 87.28219
91.64806 92.11641 92.79938 96.13448 91.25902
91.39934 95.74853 93.33909 93.31358 92.80689
91.05632 93.87783 89.03324 82.40792 88.37524
94.01727 88.01777 92.10522 90.81708 88.69315
94.64608 93.52794 95.25967 90.6849 81.11023
94.16349 91.53762 91.44315 82.06905 92.79952
92.79315 91.99125 88.47468 87.26843 96.51653
94.16545 96.36021 90.89901 98.06549 93.97848
87.95144 89.54974 89.60077 92.47799 92.48529
84.16433 86.19206 75.85775 74.37327 66.86832
65.3004 62.12961 72.665 90.99472 83.31585
90.86037 90.42474 91.23201 93.02864 90.97206
87.93265 84.0747 91.17718 92.75492 88.06613
88.67217 76.01064 82.46448 86.04088 87.85426
94.43408 98.651 94.31122 93.76041 87.60062
79.23161 86.36992 95.64248 94.60104 90.11771
94.40934 92.73584 93.29841 94.6321 94.30254
97.51479 93.25171 95.23532 85.22526 86.50113
82.1276 88.14883 93.0431 87.39133 89.81507
82.1819 87.02291 83.84178 85.25328 84.09288
73.40792 70.53387 64.94386 71.29077 88.26737
95.9761 91.7563 92.39847 91.03068 90.55352
94.709 93.18907 92.69637 96.1264 89.569
96.16738 93.16531 87.36696 82.10368 84.33082
93.32639 92.98828 92.64261 90.17534 84.52014
85.87367 91.25817 92.64023 90.86507 97.06422
94.36931 71.81557 80.63699 89.71452 85.42341
90.13104 93.09407 89.80282 93.39501 84.83289
79.65441 76.85239 88.11808 92.68614 91.0301
90.9863 94.93103 94.68997 94.72354 90.6476
90.3739 92.71995 95.49499 89.42824 96.09099
93.61116 95.32586 90.72445 90.37718 92.55868
89.66285 93.4487 86.79288 85.1396 80.51721
87.52786 81.63884 86.41057 82.15956 85.23943
83.50472 85.99973 88.24364 79.29524 81.23305
81.98882 86.497 81.08645 82.98226 94.52814
91.45432 91.61267 90.59877 87.4356 92.94369
79.78744 59.80377 42.53481 76.07236 82.04885
82.37722 69.40098 76.27594 88.15074 84.3022
86.38512 91.97369 96.86901 98.88596 99.07862
95.03166 97.49492 98.2104 91.81428 92.11509
96.75191 96.05988 95.31937 94.09628 90.59955
94.05429 90.61525 94.31292 92.69442 95.36796
90.41996 93.63978 83.15192 92.74286 98.60633
93.8488 89.55213 94.97237 94.37005 94.37836
85.57998 94.50409 90.06504 91.60358 91.57721
92.4446 95.96016 94.28842 93.45843 93.99624
95.52618 98.41123 95.46295 95.35357 98.08808
97.80868 93.75037 95.88637 92.08825 88.9124
97.40931 93.79722 91.9972 91.48883 92.81117
91.25897 95.94723 94.07481 96.6196 89.08327
91.77296 91.24438 93.6704 92.49605 91.42386
93.94303 90.21974 91.87016 95.31201 91.9096
91.04786 93.8361 96.12795 94.89673 93.7207
93.35188 92.12894 95.12584 93.70329 85.97359
82.9818 86.57921 83.86256 97.42341 91.71321
94.99247 90.81501 91.69412 92.04389 91.154
91.83444 92.11228 93.27688 87.7821 92.63883
91.43503 90.72716 92.42158 96.24624 93.92453
92.88537 90.10437 91.54351 88.5831 85.28128
96.25091 89.73778 96.23136 93.36934 93.10685
93.91902 87.00767 83.95374 92.54984 97.05139
87.72275 86.8271 93.4155 98.52796 98.07964
95.51566 88.02618 96.21175 92.99719 95.46505
90.55704 92.6134 97.76847 98.63652 99.29767
96.26024 96.87713 98.35023 90.93036 95.3256
98.32441 96.1067 97.40614 98.85851 97.28533
98.13957 97.63446 96.90034 98.46373 99.91041
95.66996 97.2392 92.30818 99.68061 93.11214
91.47288 93.06587 97.8267 99.75387 97.65244
91.61379 97.42613 94.19808 95.0423 95.60512
96.50612 92.37263 87.47478 94.90317 90.4583
99.28228 97.50751 98.2122 95.45614 93.73757
89.95552 94.4038 95.23127 94.685 97.35223
96.94919 99.77863 96.94857 96.26222 96.24272
96.10596 96.0425 93.20302 89.83452 98.39806
97.81522 95.07274 93.14041 99.09603 91.07538
88.51319 88.94072 90.00417 97.80894 94.82866
99.8468 97.99637 91.07385 88.22458 96.76071
90.28543 56.49775 76.35416 99.06225 92.66315
88.45508 85.38218 91.40466 87.94367 97.14429
87.13416 86.12994 86.31065 96.45385 92.80106
88.62284 79.7458 89.11836 94.25299 96.76186
88.22425 82.02842 90.38512 94.67999 91.14222
88.83466 93.04169 96.72795 98.32694 89.49869
90.2136 95.55098 96.41812 98.72614 91.37947
91.27341 98.65282 88.43974 89.22505 93.34315
90.40624 93.51242 99.74197 98.23848 89.4166
94.49696 89.99543 92.23248 95.54275 93.84094
90.84719 91.88108 88.91145 91.33763 92.08061
84.18133 83.96513 83.21134 87.74203 93.62986
91.1232 89.39784 88.4368 85.33659 70.53062
66.14046 86.0175 88.29701 81.43559 86.19876
83.7107 85.77484 94.34407 93.31907 99.70142
96.22941 87.76338 86.25078 85.65677 84.91519
95.96044 88.11914 84.93932 84.91654 69.97154
51.47851 67.74955 78.53352 78.15229 34.99374
40.58832 71.46327 86.91424 85.78008 94.64836
88.85434 88.35241 86.80428 96.86474 93.13005
95.36538 94.66116 95.45568 90.19494 90.51528
91.14825 88.14969 88.48904 83.187 83.64001
83.59188 88.23736 86.37024 85.613 93.90364
99.66166 95.79361 90.98134 94.48936 92.17793
80.26882 81.33163 85.52465 91.60858 93.36766
87.85404 86.79841 90.48395 83.02324 93.72844
89.19516 95.21824 98.8633 87.08427 89.12121
96.03642 99.01905 95.41032 92.21809 95.20813
99.57751 94.38606 92.18714 94.69022 95.11261
96.05005 87.96758 87.01652 83.30331 77.70944
98.53768 93.13826 82.88065 64.31617 60.64881
97.7933 97.15488 99.28829 99.92792 97.46938
92.46713 98.19753 94.13047 95.21198 99.44415
96.96805 95.61197 97.50091 97.27502 87.54698
89.36608 79.39469 93.06363 84.08967 81.10049
85.18763 93.92348 96.0376 93.57553 90.59624
80.67993 89.54523 89.93784 98.99837 95.64368
95.59311 98.30582 96.80741 95.98581 92.67715
94.66505 95.11923 93.73914 92.56312 94.89217
94.93189 95.154 94.73064 95.48486 99.60472
99.18989 99.15993 92.04034 96.64412 98.73348
92.60589 96.54891 94.31455 95.93638 96.27083
95.22002 97.9027 93.72799 95.3665 96.63806
99.0566 97.29683 93.72697 96.40986 94.54932
99.89346 97.50369 96.76605 94.00227 95.12594
95.51716 99.06483 97.17447 97.04894 97.77469
96.35102 97.43216 95.64653 98.60512 97.19482
96.33841 95.75003 97.20591 99.21692 99.33967
92.72969 95.02666 88.92875 92.87251 96.01704
92.95412 93.38846 91.38451 98.47747 99.34162
98.66325 98.07921 97.75301 95.03857 98.00932
96.54174 94.88616 95.67209 96.43024 96.86385
98.77107 97.10217 96.3108 93.46801 98.74063
97.77279 95.94325 94.69484 91.68136 89.95058
96.91591 96.58962 94.05099 95.88101 96.69849
95.17817 95.80452 94.06034 92.26717 89.2247
92.72925 97.8389 97.96487 96.70732 99.29952
99.84738 98.16893 73.88486 78.83692 88.76615
95.14473 95.28881 91.14316 88.22975 97.70812
98.89977 99.18896 98.1809 87.76618 89.83032
92.53735 99.29392 99.94561 93.74799 86.2549
94.4725 92.46295 94.73014 87.5861 93.99124
96.88481 96.61221 98.6089 99.90413 98.95554
95.11923 92.03378 98.20638 98.40968 94.20948
95.08514 77.93881 93.04299 82.03116 77.18638
79.97716 79.43192 82.88006 95.50579 98.00113
99.12345 86.85673 81.17305 99.92037 99.66674
98.66333 98.32878 95.59323 87.86897 98.29852
99.01738 97.58086 93.62273 81.18955 80.87114
92.26267 91.31253 96.3626 93.41445 96.29812
97.49249 98.62453 93.76277 84.31574 87.00889
93.6477 74.3212 86.54339 90.90294 77.57406
90.38137 89.53466 87.1906 98.31369 98.74181
87.09608 83.97109 98.28639 89.43908 92.03946
98.79786 97.40917 97.11558 88.02848 92.70231
98.33758 91.44458 85.73616 75.5537 95.72943
81.54865 86.39285 96.21167 95.41223 88.43251
85.76776 97.47288 95.20216 95.66481 97.53029
95.86661 95.66035 88.21775 82.89879 77.27628
88.62055 93.98741 95.36902 96.55112 90.27517
81.47735 90.77422 89.93351 98.99823 89.35446
82.71586 87.44209 96.41705 96.96016 96.9203
94.63395 82.16439 88.70105 91.15879 91.87171
91.2471 91.77149 90.95479 97.94018 98.32757
97.29705 96.06803 89.8532 90.76068 96.80611
96.59262 98.47992 94.57031 88.27125 92.70732
90.01132 92.39684 72.88173 64.56538 73.76463
92.30058 90.702 81.17007 67.57198 71.12651
86.01068 83.52671 79.46883 88.47802 88.18827
92.2479 88.00978 91.3759 95.9389 95.59766
90.60791 87.46252 78.31357 85.22074 90.95794
89.29069 84.83155 97.67402 92.95014 90.76406
90.37908 94.27905 96.80964 99.49117 84.73167
92.18135 98.1695 96.61953 95.90418 97.59745
91.30395 89.43528 88.79446 88.64389 89.81543
88.63634 87.64913 69.02769 82.94259 87.68384
83.94507 87.89179 91.45649 89.05432 94.93186
93.14647 94.49218 89.50246 90.17004 92.63757
96.8136 92.93817 91.28415 92.56162 94.20518
